triggersfile version 1
50
0.100000 0.000000 100000000.000000  1 37 1 0  26 1120 1 216172782113783837 500 3 360287970189640186 158 360287970189639911 500 3 360287970189640205 158 360287970189639970 500 3 360287970189640200 158 360287970189639886 500 3 360287970189640195 158 360287970189639864 500 3 360287970189640203 158 360287970189639905 500 3 360287970189640190 158 360287970189639902 500 3 360287970189640888 158 360287970189640889 502 3 432345564227567631 254 432345564227567653 502 3 432345564227567632 254 432345564227567655 502 3 432345564227567633 254 432345564227567659 502 3 432345564227567634 254 432345564227567649 502 3 432345564227567635 254 432345564227567658 502 3 432345564227567644 41 360287970189639761 502 3 432345564227567645 41 360287970189639762 502 3 432345564227567646 41 360287970189639760 502 3 432345564227567647 41 360287970189639759 502 3 432345564227567648 41 360287970189639756 502 3 432345564227567649 41 360287970189639753 502 3 432345564227567650 41 360287970189639758 502 3 432345564227567631 256 648518346341351644 502 3 432345564227567632 256 648518346341351646 502 3 432345564227567633 256 648518346341351648 502 3 432345564227567634 256 648518346341351647 502 3 432345564227567635 256 648518346341351645 1530 3 360287970189639680 288230376151711869 0 

0.000000 0.000000 0.000000  2 37 0 2147483679 2 144115188075856149 360287970189639680  2 2133 2 144115188075856149 360287970189639680 47 1 144115188075856149 

0.000000 0.000000 24.000000  0  71 1492 1 100 1490 1 100 1492 1 100 1493 2 288230376151711832 700 1512 3 360287970189640584 11 36 4 0 6 3 1224979098644774912 0 3 2136 3 1224979098644774913 288230376151711850 288230376151711865 1530 3 360287970189640878 1224979098644774913 0 3 0 1510 2 360287970189640878 12 1511 1 360287970189640878 2133 2 1224979098644774914 0 2133 2 1224979098644774915 0 2165 3 1224979098644774914 288230376151712853 360287970189640878 2165 3 1224979098644774915 288230376151712874 360287970189640878 4 0 32 2 1224979098644774914 2 2106 2 1224979098644774914 2 1536 3 360287970189640878 288230376151712853 1224979098644774914 3 0 4 0 32 2 1224979098644774915 2 2106 2 1224979098644774915 2 1536 3 360287970189640878 288230376151712874 1224979098644774915 3 0 2136 3 1224979098644774916 0 100 4 0 547 3 288230376151712853 65 1 4 0 2147483678 2 1224979098644774916 50 1530 3 360287970189640878 288230376151712874 0 2147483678 2 1224979098644774916 20 1530 3 360287970189640878 288230376151712853 0 3 0 5 0 2147483678 2 1224979098644774916 2 1530 3 360287970189640878 288230376151712874 0 3 0 1511 1 360287970189640878 3 0 2121 3 1224979098644774917 301 288230376151711831 6 3 1224979098644774918 648518346341351446 648518346341351464 521 3 1224979098644774919 1224979098644774918 23 1492 1 100 6 3 1224979098644774920 288230376151711831 288230376151711865 2120 3 1224979098644774921 1224979098644774920 1224979098644774917 521 3 1224979098644774922 1224979098644774918 1224979098644774921 1 3 936748722493063315 1224979098644774918 1224979098644774920 2133 2 1224979098644774923 72057594037927936 1 3 936748722493063316 1224979098644774918 1224979098644774920 2106 2 1224979098644774923 72057594037927936 2113 1 1224979098644774923 2110 2 1224979098644774923 50 2107 2 1224979098644774923 6 2107 2 1224979098644774923 1000 2108 2 1224979098644774923 1224979098644774922 2107 2 1224979098644774923 1000 2108 2 1224979098644774923 1224979098644774922 2107 2 1224979098644774923 1000 2108 2 1224979098644774923 1224979098644774922 1493 2 1224979098644774920 1224979098644774923 3 0 1512 3 1224979098644774919 11 36 1510 2 1224979098644774919 55 1511 1 1224979098644774919 2149 2 1224979098644774924 1224979098644774919 2147483678 2 1224979098644774924 2500 2136 3 1224979098644774925 1500 2000 1 3 936748722493063628 1224979098644774919 1224979098644774925 3 0 

0.000000 0.000000 168.000000  0  16 1 6 936748722493063915 360287970189640769 200 4 300 30 1 6 936748722493063915 360287970189640767 200 2 200 15 1492 1 100 1490 1 135 6 3 1224979098644774912 360287970189640512 360287970189640530 2121 3 1224979098644774913 1224979098644774912 360287970189640512 2105 2 1224979098644774913 648518346341351446 1532 1 1224979098644774912 521 3 1224979098644774914 1224979098644774913 61 1513 4 1224979098644774912 1224979098644774914 13 16 1513 4 1224979098644774912 1224979098644774914 12 16 1513 4 1224979098644774912 1224979098644774914 14 8 1513 4 1224979098644774912 1224979098644774914 15 4 1510 2 1224979098644774912 40 1511 1 1224979098644774912 3 0 

0.000000 0.000000 168.000000  0  19 1492 1 100 1490 1 120 6 3 1224979098644774912 360287970189640530 360287970189640548 2121 3 1224979098644774913 1224979098644774912 360287970189640530 2105 2 1224979098644774913 648518346341351446 1532 1 1224979098644774912 521 3 1224979098644774914 1224979098644774913 61 1513 4 1224979098644774912 1224979098644774914 2 9 1513 4 1224979098644774912 1224979098644774914 3 4 1513 4 1224979098644774912 1224979098644774914 4 4 1513 4 1224979098644774912 1224979098644774914 7 8 1513 4 1224979098644774912 1224979098644774914 8 5 1513 4 1224979098644774912 1224979098644774914 9 3 1513 4 1224979098644774912 1224979098644774914 10 2 1513 4 1224979098644774912 1224979098644774914 5 3 1513 4 1224979098644774912 1224979098644774914 6 2 1510 2 1224979098644774912 40 1511 1 1224979098644774912 3 0 

0.000000 0.000000 168.000000  0  12 1492 1 100 1490 1 120 6 3 1224979098644774912 360287970189640586 360287970189640604 1532 1 1224979098644774912 2121 3 1224979098644774913 1224979098644774912 360287970189640586 2105 2 1224979098644774913 648518346341351446 521 3 1224979098644774914 1224979098644774913 61 2136 3 1224979098644774915 5 16 1513 4 1224979098644774912 1224979098644774914 1 1224979098644774915 1510 2 1224979098644774912 65 1511 1 1224979098644774912 3 0 

0.000000 0.000000 24.000000  0  88 6 3 1224979098644774912 360287970189640512 360287970189640530 2121 3 1224979098644774913 1224979098644774912 360287970189640512 2105 2 1224979098644774913 648518346341351446 1511 1 1224979098644774912 1510 2 1224979098644774912 40 1511 1 1224979098644774912 2149 2 1224979098644774914 1224979098644774912 4 0 2147483678 2 1224979098644774914 3800 2136 3 1224979098644774915 250 400 1 3 936748722493063628 1224979098644774912 1224979098644774915 5 0 32 2 1224979098644774914 10000 2136 3 1224979098644774916 50 150 1529 2 1224979098644774912 1224979098644774916 3 0 3 0 6 3 1224979098644774912 360287970189640530 360287970189640548 2121 3 1224979098644774913 1224979098644774912 360287970189640530 2105 2 1224979098644774913 648518346341351446 1511 1 1224979098644774912 1510 2 1224979098644774912 30 1511 1 1224979098644774912 2149 2 1224979098644774914 1224979098644774912 4 0 2147483678 2 1224979098644774914 3800 2136 3 1224979098644774915 250 400 1 3 936748722493063628 1224979098644774912 1224979098644774915 5 0 32 2 1224979098644774914 12000 2136 3 1224979098644774916 50 150 1529 2 1224979098644774912 1224979098644774916 3 0 3 0 6 3 1224979098644774912 360287970189640586 360287970189640604 2121 3 1224979098644774913 1224979098644774912 360287970189640586 2105 2 1224979098644774913 648518346341351446 1511 1 1224979098644774912 1510 2 1224979098644774912 40 1511 1 1224979098644774912 2149 2 1224979098644774914 1224979098644774912 4 0 2147483678 2 1224979098644774914 3400 2136 3 1224979098644774915 250 400 1 3 936748722493063628 1224979098644774912 1224979098644774915 5 0 32 2 1224979098644774914 10000 2136 3 1224979098644774916 50 150 1529 2 1224979098644774912 1224979098644774916 3 0 3 0 1511 1 360287970189640769 1540 2 1224979098644774917 360287970189640769 2121 3 1224979098644774918 1224979098644774917 30 7 3 1224979098644774919 1224979098644774918 1224979098644774917 1541 3 1224979098644774920 360287970189640769 1224979098644774919 1543 3 360287970189640769 1224979098644774919 -1 3 0 1511 1 360287970189640769 2149 2 1224979098644774914 360287970189640769 4 0 2147483678 2 1224979098644774914 5000 2136 3 1224979098644774915 300 800 1 3 936748722493063628 360287970189640769 1224979098644774915 5 0 32 2 1224979098644774914 40000 2136 3 1224979098644774916 100 200 1529 2 360287970189640769 1224979098644774916 3 0 1511 1 360287970189640767 1540 2 1224979098644774917 360287970189640767 2121 3 1224979098644774918 1224979098644774917 15 7 3 1224979098644774919 1224979098644774918 1224979098644774917 1541 3 1224979098644774920 360287970189640767 1224979098644774919 2147483679 2 1224979098644774920 288230376151711878 1543 3 360287970189640767 1224979098644774919 -1 3 0 1511 1 360287970189640767 2149 2 1224979098644774914 360287970189640767 4 0 2147483678 2 1224979098644774914 6000 2136 3 1224979098644774915 300 900 1 3 936748722493063628 360287970189640767 1224979098644774915 5 0 32 2 1224979098644774914 30000 2136 3 1224979098644774916 100 200 1529 2 360287970189640767 1224979098644774916 3 0 

1.000000 0.000000 0.000000  3 200 1 504403158265495607 2147483851 1 504403158265495607 2147483850 1 504403158265495607  29 526 3 1224979098644774912 504403158265495607 8 4 0 132 1 1224979098644774912 2204 2 1224979098644774913 1224979098644774912 2147483681 3 1224979098644774913 432345564227567630 432345564227567636 2133 2 1224979098644774914 8 4 0 2273 0 2133 2 1224979098644774914 5 3 0 11 1 1224979098644774915 32 2 1224979098644774915 648518346341351673 2204 2 1224979098644774916 1224979098644774915 33 3 1224979098644774916 432345564227567630 432345564227567636 2281 3 1224979098644774917 1224979098644774915 1224979098644774912 2147483678 2 1224979098644774917 1224979098644774914 4 0 31 2 144115188075856146 1 2330 2 4 1224979098644774915 1106 1 1585267068834416785 3 0 1 2 936748722493063384 1224979098644774912 2133 2 1224979098644774918 72057594037927936 1 6 936748722493063669 70 1224979098644774915 1224979098644774918 1224979098644774912 -1 3 0 5 0 1106 2 216172782113783826 6737151 1 3 936748722493063489 504403158265495607 0 3 0 

2.000000 0.000000 0.000000  2 2311 2 72057594037927938 576460752303423598 131 1 72057594037927938  5 2204 2 1224979098644774912 72057594037927938 1 3 936748722493063365 1224979098644774912 -1 1640 2 72057594037927938 1 1641 2 72057594037927938 72057594037927936 1603 3 72057594037927938 65536 0 

4.000000 0.000000 0.000000  11 31 2 144115188075855872 1 2133 2 1224979098644774912 0 4 0 2147483780 1 144115188075856068 2133 2 1224979098644774912 1 5 0 2291 2 1224979098644774913 144115188075856068 2147483679 2 1224979098644774913 144115188075856067 2133 2 1224979098644774912 1 3 0 31 2 1224979098644774912 1  1 2133 2 144115188075855872 0 

1.500000 0.000000 0.000000  2 2311 2 72057594037927938 576460752303423594 131 1 72057594037927938  5 2204 2 1224979098644774912 72057594037927938 1 3 936748722493063365 1224979098644774912 -1 1640 2 72057594037927938 1 1641 2 72057594037927938 72057594037927936 1603 3 72057594037927938 65536 0 

1.000000 0.000000 0.000000  0  8 6 3 1224979098644774912 432345564227567630 432345564227567636 542 3 1224979098644774912 21 0 4 0 2136 3 1224979098644774913 0 100 2147483678 2 1224979098644774913 10 1 3 936748722493063417 1224979098644774912 11 3 0 3 0 

0.200000 0.000000 0.000000  43 200 1 504403158265495565 2147483852 1 504403158265495565 546 3 504403158265495565 11 2 526 3 1224979098644774912 504403158265495565 1 526 3 1224979098644774913 504403158265495565 8 4 0 2147483780 1 1224979098644774913 506 3 504403158265495565 11 3 1 2 936748722493063558 504403158265495565 5 0 130 2 1224979098644774913 1224979098644774912 1232 1 1224979098644774913 506 3 504403158265495565 11 3 526 3 1224979098644774914 504403158265495565 4 2133 2 1224979098644774915 0 6 3 1224979098644774916 432345564227567630 432345564227567636 542 3 1224979098644774916 21 0 2147483679 2 1224979098644774916 432345564227567630 2147484194 3 504403158265495565 3 1224979098644774916 2105 2 1224979098644774915 1 3 0 4 0 32 2 1224979098644774915 0 2136 3 1224979098644774917 0 1224979098644774915 2133 2 1224979098644774918 -1 6 3 1224979098644774916 432345564227567630 432345564227567636 31 2 1224979098644774918 -1 542 3 1224979098644774916 21 0 2147483679 2 1224979098644774916 432345564227567630 2147484194 3 504403158265495565 3 1224979098644774916 2106 2 1224979098644774917 1 2147483678 2 1224979098644774917 0 2133 2 1224979098644774918 1224979098644774916 3 0 3 0 4 0 32 2 1224979098644774918 0 1 3 936748722493063398 1224979098644774914 1224979098644774918 5 0 1 3 936748722493063398 1224979098644774914 432345564227567651 3 0 1 2 936748722493063557 504403158265495565 3 0  0 

0.200000 0.000000 0.000000  64 200 1 504403158265495560 2147483852 1 504403158265495560 526 3 1224979098644774912 504403158265495560 7 526 3 1224979098644774913 504403158265495560 1 4 0 132 1 144115188075856030 4 0 130 2 144115188075856030 1224979098644774913 1232 1 144115188075856030 2105 2 144115188075855873 1 5 0 130 2 144115188075856030 1224979098644774912 1232 1 144115188075856030 2105 2 144115188075855874 1 5 0 2281 3 1224979098644774914 648518346341351424 144115188075856030 32 2 1224979098644774914 3 1641 2 144115188075856030 1224979098644774913 3 0 3 0 4 0 132 1 144115188075856031 4 0 130 2 144115188075856031 1224979098644774913 1232 1 144115188075856031 2105 2 144115188075855873 1 5 0 130 2 144115188075856031 1224979098644774912 1232 1 144115188075856031 2105 2 144115188075855874 1 5 0 2281 3 1224979098644774914 648518346341351424 144115188075856031 32 2 1224979098644774914 3 1641 2 144115188075856031 1224979098644774913 3 0 3 0 4 0 132 1 144115188075856032 4 0 130 2 144115188075856032 1224979098644774913 1232 1 144115188075856032 2105 2 144115188075855873 1 5 0 130 2 144115188075856032 1224979098644774912 1232 1 144115188075856032 2105 2 144115188075855874 1 5 0 2281 3 1224979098644774914 648518346341351424 144115188075856032 32 2 1224979098644774914 3 1641 2 144115188075856032 1224979098644774913 3 0 3 0 2133 2 1224979098644774915 144115188075855874 2105 2 1224979098644774915 144115188075855873 30 2 1224979098644774915 3 4 0 30 2 144115188075855874 3 1 2 936748722493063557 504403158265495560 5 0 31 2 144115188075855874 0 1 2 936748722493063558 504403158265495560 5 0 1 2 936748722493063556 504403158265495560 3 0  0 

0.500000 0.000000 0.000000  94 200 1 504403158265495561 31 2 144115188075855880 0 526 3 1224979098644774912 504403158265495561 12 526 3 1224979098644774913 504403158265495561 7 2133 2 1224979098644774914 0 4 0 1073741854 2 144115188075855875 2 3221225604 1 144115188075856029 2147483780 1 144115188075856028 5 0 31 2 144115188075855876 0 2281 3 1224979098644774915 648518346341351424 144115188075856029 4 0 2133 2 1224979098644774916 3 4 0 2273 0 2133 2 1224979098644774916 1 3 0 2147483680 2 1224979098644774915 1224979098644774916 2281 3 1224979098644774917 648518346341351424 1224979098644774912 32 2 1224979098644774917 1 2105 2 144115188075855875 1 4 0 31 2 144115188075855875 2 2133 2 1224979098644774914 1 1106 1 216172782113783987 3 0 5 0 2281 3 1224979098644774915 144115188075856028 144115188075856029 2147483680 2 1224979098644774915 1 1660 2 144115188075856029 144115188075856028 2133 2 144115188075855876 1 2133 2 144115188075855877 0 3 0 5 0 31 2 144115188075855876 1 2281 3 1224979098644774915 648518346341351424 144115188075856028 4 0 2147483680 2 1224979098644774915 1 1661 1 144115188075856029 2105 2 144115188075855875 1 4 0 31 2 144115188075855875 2 2133 2 1224979098644774914 1 1106 1 216172782113783987 3 0 5 0 2105 2 144115188075855877 1 32 2 144115188075855877 4 1661 1 144115188075856029 2133 2 1224979098644774914 1 2133 2 144115188075855876 2 3 0 3 0 4 0 31 2 1224979098644774914 1 1641 2 144115188075856029 1224979098644774912 1641 2 144115188075856028 1224979098644774913 1640 2 144115188075856029 1 1640 2 144115188075856028 1 1603 3 144115188075856029 65536 0 1603 3 144115188075856028 65536 0 3 0 2133 2 1224979098644774918 0 4 0 132 1 144115188075856029 2105 2 1224979098644774918 1 130 2 144115188075856029 1224979098644774912 1232 1 144115188075856029 2133 2 144115188075855878 1 2106 2 1224979098644774918 1 3 0 4 0 132 1 144115188075856028 2105 2 1224979098644774918 1 130 2 144115188075856028 1224979098644774913 1232 1 144115188075856028 2133 2 144115188075855879 1 2106 2 1224979098644774918 1 3 0 4 0 31 2 144115188075855879 1 31 2 144115188075855878 1 1 2 936748722493063558 504403158265495561 3 0 4 0 31 2 1224979098644774918 0 2133 2 144115188075855880 1 1632 3 1224979098644774919 648518346341351424 360287970189640759 1632 3 1224979098644774920 648518346341351424 360287970189640760 32 2 1224979098644774919 0 32 2 1224979098644774920 0 1 2 936748722493063557 504403158265495561 3 0  0 

168.000000 0.000000 0.000000  0  2 2107 2 144115188075855881 101 2108 2 144115188075855881 100 

0.100000 0.000000 0.100000  2 200 1 504403158265495581 31 2 144115188075856113 1  6 526 3 1224979098644774912 504403158265495581 8 4 0 132 1 1224979098644774912 1640 2 1224979098644774912 0 1603 3 1224979098644774912 65536 0 3 0 

0.100000 0.000000 0.100000  2 200 1 504403158265495581 31 2 144115188075856113 0  7 526 3 1224979098644774912 504403158265495581 8 4 0 132 1 1224979098644774912 1640 2 1224979098644774912 10 1603 3 1224979098644774912 65536 0 1641 2 1224979098644774912 648518346341351424 3 0 

0.100000 0.000000 0.000000  3 200 1 504403158265495581 526 3 1224979098644774912 504403158265495581 8 2147483780 1 1224979098644774912  1 1 3 936748722493063489 504403158265495581 2 

0.100000 0.000000 0.000000  4 200 1 504403158265495592 2147483850 1 504403158265495592 526 3 1224979098644774912 504403158265495592 8 2147483780 1 1224979098644774912  1 1 3 936748722493063489 504403158265495592 2 

0.100000 0.000000 0.000000  8 200 1 504403158265495592 2147483850 1 504403158265495592 526 3 1224979098644774912 504403158265495592 8 132 1 1224979098644774912 131 1 1224979098644774912 1665 2 1224979098644774913 1224979098644774912 546 3 504403158265495592 1 1224979098644774913 1232 1 1224979098644774912  1 1 2 936748722493063557 504403158265495592 

0.300000 0.000000 1.100000  6 200 1 504403158265495583 2147483851 1 504403158265495583 2301 2 1224979098644774912 576460752303423582 2147483678 2 144115188075856114 1224979098644774912 2302 2 1224979098644774913 576460752303423582 31 2 1224979098644774913 144115188075856115  2 1106 2 216172782113783826 6737151 1 3 936748722493063489 504403158265495583 0 

0.300000 0.000000 1.100000  6 200 1 504403158265495583 2147483850 1 504403158265495583 2301 2 1224979098644774912 576460752303423582 2147483678 2 144115188075856114 1224979098644774912 2302 2 1224979098644774913 576460752303423582 2147483679 2 1224979098644774913 144115188075856115  1 1 2 936748722493063557 504403158265495583 

0.300000 0.000000 1.100000  4 200 1 504403158265495615 2147483850 1 504403158265495615 2301 2 1224979098644774912 576460752303423590 32 2 1224979098644774912 0  1 1 2 936748722493063557 504403158265495615 

0.300000 0.000000 1.100000  5 200 1 504403158265495620 2147483850 1 504403158265495620 2147483851 1 504403158265495620 526 3 1224979098644774912 504403158265495620 8 2147483780 1 1224979098644774912  1 1 2 936748722493063557 504403158265495620 

1.000000 0.000000 0.000000  5 200 1 504403158265495584 526 3 1224979098644774912 504403158265495584 8 132 1 1224979098644774912 131 1 1224979098644774912 1232 1 1224979098644774912  0 

0.000000 0.000000 336.000000  22 6 3 1224979098644774912 360287970189640311 360287970189640316 500 3 1224979098644774912 12 0 2147483679 2 1224979098644774912 144115188075855941 520 3 1224979098644774913 1224979098644774912 14 542 3 1224979098644774913 21 0 542 3 1224979098644774913 60 1 2147484188 3 1224979098644774912 2 2 6 3 1224979098644774914 0 30 540 3 1224979098644774912 12 0 2136 3 1224979098644774915 648518346341351446 648518346341351464 2204 2 1224979098644774916 1224979098644774915 2190 3 1224979098644774917 1224979098644774916 1224979098644774913 2147483680 2 1224979098644774917 0 500 3 1224979098644774912 12 1224979098644774915 4 0 31 2 144115188075856146 1 2322 2 4 1224979098644774912 2330 2 5 1224979098644774915 1106 1 1585267068834415066 3 0 3 0 3 0  0 

360.000000 0.000000 0.000000  1 1 1 936748722493063566  0 

0.000000 0.000000 24.000000  0  139 2133 2 1224979098644774912 0 2133 2 1224979098644774913 100 6 3 1224979098644774914 360287970189640186 360287970189640206 110 1 1224979098644774914 2105 2 1224979098644774912 1 3 0 2106 2 1224979098644774913 1224979098644774912 2170 3 1224979098644774915 1369094286720630791 360287970189639680 2105 2 1224979098644774913 1224979098644774915 2133 2 72057594037927943 1224979098644774913 4 0 32 2 144115188075855883 0 4 0 520 3 1224979098644774916 144115188075855883 71 110 1 144115188075855883 110 1 1224979098644774916 4 0 2147483679 2 144115188075856179 0 2133 2 144115188075855882 144115188075855883 5 0 520 3 1224979098644774917 144115188075855883 77 2105 2 1224979098644774917 5 500 3 144115188075855883 77 1224979098644774917 500 3 144115188075855883 72 3 520 3 1224979098644774916 144115188075855883 71 2322 2 11 144115188075855883 2322 2 12 1224979098644774916 1106 2 1585267068834415392 16776960 2133 2 144115188075855882 0 3 0 3 0 2133 2 144115188075855883 0 3 0 6 3 1224979098644774918 360287970189640186 360287970189640206 500 3 1224979098644774918 81 0 4 0 540 3 1224979098644774918 5 1 500 3 1224979098644774918 80 1 3 0 520 3 1224979098644774919 1224979098644774918 2 4 0 31 2 1224979098644774919 11 520 3 1224979098644774920 1224979098644774918 84 2322 2 31 1224979098644774918 520 3 1224979098644774921 360287970189639680 7 2133 2 72057594037927940 1224979098644774921 2133 2 72057594037927941 1224979098644774920 32 2 1224979098644774921 1224979098644774920 500 3 1224979098644774918 77 0 500 3 1224979098644774918 69 0 500 3 1224979098644774918 2 0 3 0 4 0 560 3 1224979098644774918 151 5 540 3 1224979098644774918 152 1 520 3 1224979098644774916 1224979098644774918 144 110 1 1224979098644774916 540 3 1224979098644774916 145 0 500 3 1224979098644774916 145 1 2322 2 3 1224979098644774918 2322 2 4 1224979098644774916 4 0 31 2 144115188075856146 1 1106 1 216172782113788091 3 0 3 0 4 0 110 1 1224979098644774918 1 2 936748722493063634 1224979098644774918 2133 2 1224979098644774922 72057594037927936 4 0 2147483678 2 1224979098644774922 20 2136 3 1224979098644774923 0 100 2105 2 1224979098644774922 1224979098644774923 2147483678 2 1224979098644774922 20 2133 2 144115188075855884 1224979098644774918 3 0 520 3 1224979098644774917 1224979098644774918 77 2107 2 1224979098644774917 90 2108 2 1224979098644774917 1224979098644774913 500 3 1224979098644774918 77 1224979098644774917 520 3 1224979098644774917 1224979098644774918 69 2107 2 1224979098644774917 90 2108 2 1224979098644774917 1224979098644774913 500 3 1224979098644774918 69 1224979098644774917 4 0 1073742384 3 1224979098644774918 72 1 31 2 144115188075856918 1 520 3 1224979098644774924 1224979098644774918 71 110 1 1224979098644774924 1 4 936748722493063636 1224979098644774918 1224979098644774924 72 3 0 4 0 1073742384 3 1224979098644774918 74 1 31 2 144115188075856918 1 520 3 1224979098644774924 1224979098644774918 73 110 1 1224979098644774924 1 4 936748722493063636 1224979098644774918 1224979098644774924 74 3 0 4 0 1073742384 3 1224979098644774918 76 1 31 2 144115188075856918 1 520 3 1224979098644774924 1224979098644774918 75 110 1 1224979098644774924 520 3 1224979098644774917 1224979098644774918 77 2107 2 1224979098644774917 9 2108 2 1224979098644774917 10 500 3 1224979098644774918 77 1224979098644774917 3 0 4 0 31 2 144115188075855882 0 31 2 144115188075855965 0 31 2 144115188075855883 0 540 3 1224979098644774918 72 0 520 3 1224979098644774916 1224979098644774918 71 110 1 1224979098644774916 2133 2 144115188075855883 1224979098644774918 3 0 4 0 31 2 144115188075855885 0 540 3 1224979098644774918 145 1 2133 2 144115188075855885 1224979098644774918 3 0 5 0 2147483758 1 1224979098644774918 31 2 1224979098644774919 5 520 3 1224979098644774925 1224979098644774918 151 4 0 32 2 1224979098644774925 0 2106 2 1224979098644774925 1 500 3 1224979098644774918 151 1224979098644774925 5 0 560 3 1224979098644774918 152 1 3221226012 3 1224979098644774918 152 8 101 1 648518346341351424 2133 2 144115188075855886 1224979098644774918 3 0 3 0 3 0 

1.000000 0.000000 0.000000  15 1506 2 1224979098644774912 360287970189639680 30 2 1224979098644774912 1 6 3 1224979098644774913 360287970189640186 360287970189640206 540 3 1224979098644774913 2 5 1540 2 1224979098644774914 1224979098644774913 6 3 1224979098644774915 0 1224979098644774914 1541 3 1224979098644774916 1224979098644774913 1224979098644774915 30 2 1224979098644774916 0 1073741855 2 1224979098644774916 288230376151713078 1073741855 2 1224979098644774916 288230376151713072 31 2 1224979098644774916 288230376151713074 372 1 80 2133 2 1224979098644774914 0 3 0 3 0  0 

1.000000 0.000000 1.000000  1 2147483679 2 144115188075857211 0  49 4 0 31 2 144115188075857211 1 1270 3 432345564227567631 432345564227567632 100 1270 3 432345564227567631 432345564227567633 100 1270 3 432345564227567631 432345564227567634 -100 1270 3 432345564227567631 432345564227567635 100 1270 3 432345564227567632 432345564227567633 100 1270 3 432345564227567632 432345564227567634 100 1270 3 432345564227567632 432345564227567635 100 1270 3 432345564227567633 432345564227567634 100 1270 3 432345564227567633 432345564227567635 -100 1270 3 432345564227567634 432345564227567635 100 5 0 31 2 144115188075857211 2 1270 3 432345564227567631 432345564227567632 100 1270 3 432345564227567631 432345564227567633 100 1270 3 432345564227567631 432345564227567634 100 1270 3 432345564227567631 432345564227567635 -100 1270 3 432345564227567632 432345564227567633 100 1270 3 432345564227567632 432345564227567634 100 1270 3 432345564227567632 432345564227567635 100 1270 3 432345564227567633 432345564227567634 -100 1270 3 432345564227567633 432345564227567635 100 1270 3 432345564227567634 432345564227567635 100 5 0 31 2 144115188075857211 3 1270 3 432345564227567631 432345564227567632 -100 1270 3 432345564227567631 432345564227567633 100 1270 3 432345564227567631 432345564227567634 100 1270 3 432345564227567631 432345564227567635 100 1270 3 432345564227567632 432345564227567633 100 1270 3 432345564227567632 432345564227567634 100 1270 3 432345564227567632 432345564227567635 100 1270 3 432345564227567633 432345564227567634 100 1270 3 432345564227567633 432345564227567635 100 1270 3 432345564227567634 432345564227567635 -100 5 0 31 2 144115188075857211 4 1270 3 432345564227567631 432345564227567632 100 1270 3 432345564227567631 432345564227567633 -100 1270 3 432345564227567631 432345564227567634 100 1270 3 432345564227567631 432345564227567635 100 1270 3 432345564227567632 432345564227567633 100 1270 3 432345564227567632 432345564227567634 -100 1270 3 432345564227567632 432345564227567635 100 1270 3 432345564227567633 432345564227567634 100 1270 3 432345564227567633 432345564227567635 100 1270 3 432345564227567634 432345564227567635 100 3 0 

0.000000 0.000000 -75.000000  0  1 500 3 360287970189640763 406 0 

0.000000 0.000000 12.000000  4 2302 2 72057594037927937 576460752303423568 524 3 72057594037927938 576460752303423568 100 32 2 72057594037927937 0 2147483678 2 72057594037927938 2  15 4 0 31 2 72057594037927937 0 31 2 72057594037927938 0 504 3 576460752303423568 100 0 3 0 4 0 31 2 72057594037927937 1 31 2 72057594037927938 0 1025 1 360287970189640884 3 0 4 0 31 2 72057594037927937 2 31 2 72057594037927938 1 1025 1 360287970189640884 3 0 

0.000000 0.000000 12.000000  0  66 4 0 2302 2 72057594037927937 576460752303423574 520 3 72057594037927938 360287970189640199 158 30 2 72057594037927937 1 30 2 0 72057594037927938 110 1 360287970189640199 500 3 360287970189640199 158 360287970189639978 3 0 4 0 2302 2 72057594037927937 576460752303423508 520 3 72057594037927938 360287970189640201 158 30 2 72057594037927937 4 30 2 0 72057594037927938 110 1 360287970189640201 500 3 360287970189640201 158 360287970189640040 3 0 4 0 2302 2 72057594037927937 576460752303423572 520 3 72057594037927938 360287970189640196 158 30 2 0 72057594037927938 110 1 360287970189640196 500 3 360287970189640196 158 360287970189639964 3 0 4 0 2302 2 72057594037927937 576460752303423559 2302 2 72057594037927938 576460752303423558 2302 2 72057594037927939 576460752303423514 520 3 72057594037927940 360287970189639952 259 30 2 72057594037927937 1 30 2 72057594037927938 1 30 2 72057594037927939 2 2147483679 2 72057594037927940 1 500 3 360287970189639952 259 1 3 0 4 0 2302 2 72057594037927937 576460752303423563 2302 2 72057594037927938 576460752303423564 2302 2 72057594037927939 576460752303423565 520 3 72057594037927940 360287970189639923 259 520 3 72057594037927941 360287970189639924 259 30 2 72057594037927937 1 30 2 72057594037927938 1 30 2 72057594037927939 1 2147483679 2 72057594037927940 1 2147483679 2 72057594037927941 1 500 3 360287970189639924 259 1 500 3 360287970189639923 259 1 3 0 4 0 2302 2 72057594037927937 576460752303423560 524 3 72057594037927938 576460752303423560 100 30 2 72057594037927937 1 2147483679 2 1 72057594037927938 504 3 576460752303423560 100 1 1530 2 360287970189639680 288230376151711979 3 0 4 0 2190 3 1224979098644774912 432345564227567629 432345564227567643 526 3 1224979098644774913 504403158265495615 11 520 3 72057594037927938 360287970189640191 158 30 2 1224979098644774912 70 30 2 0 72057594037927938 30 2 1224979098644774913 3 110 1 360287970189640191 500 3 360287970189640191 158 360287970189640903 3 0 

0.000000 0.000000 10.000000  0  54 4 0 2302 2 72057594037927937 576460752303423557 522 3 72057594037927938 432345564227567658 255 30 2 72057594037927937 1 30 2 0 72057594037927938 110 1 360287970189640201 502 3 432345564227567658 255 576460752303423657 3 0 4 0 520 3 1224979098644774912 360287970189639923 259 520 3 1224979098644774913 360287970189639924 259 520 3 1224979098644774914 360287970189639680 7 522 3 1224979098644774915 432345564227567650 255 31 2 1224979098644774912 1 31 2 1224979098644774913 1 30 2 1224979098644774914 1000 30 2 0 1224979098644774915 502 3 432345564227567650 255 576460752303423660 3 0 4 0 2302 2 72057594037927937 576460752303423514 522 3 72057594037927938 432345564227567653 255 30 2 72057594037927937 4 30 2 0 72057594037927938 502 3 432345564227567653 255 576460752303423656 3 0 4 0 2190 3 1224979098644774912 432345564227567629 432345564227567659 522 3 72057594037927938 432345564227567659 255 30 2 1224979098644774912 50 30 2 0 72057594037927938 502 3 432345564227567659 255 576460752303423655 3 0 4 0 2190 3 1224979098644774912 432345564227567629 432345564227567644 522 3 72057594037927938 432345564227567629 255 30 2 1224979098644774912 20 30 2 0 72057594037927938 502 3 432345564227567629 255 576460752303423658 3 0 4 0 2190 3 1224979098644774912 432345564227567629 432345564227567646 522 3 72057594037927938 432345564227567646 255 30 2 1224979098644774912 20 30 2 0 72057594037927938 502 3 432345564227567646 255 576460752303423659 3 0 4 0 2190 3 1224979098644774912 432345564227567629 432345564227567648 522 3 72057594037927938 432345564227567648 255 30 2 1224979098644774912 20 30 2 0 72057594037927938 504 3 432345564227567648 255 576460752303423661 3 0 

0.000000 1.000000 5.000000  0  16 6 3 1224979098644774912 648518346341351446 648518346341351504 1601 2 1224979098644774913 1224979098644774912 30 2 10 1224979098644774913 521 3 1224979098644774914 1224979098644774912 7 3221225505 3 1224979098644774914 360287970189640186 360287970189640316 2147483679 2 1224979098644774914 360287970189639680 521 3 1224979098644774915 1224979098644774912 0 2204 2 1224979098644774916 1224979098644774912 522 3 1224979098644774917 1224979098644774916 10 2122 3 1224979098644774920 1224979098644774915 30 6 3 1224979098644774918 41 45 522 3 1224979098644774919 1224979098644774917 1224979098644774918 1610 3 1224979098644774912 1224979098644774919 1224979098644774920 2106 2 1224979098644774920 10 3 0 3 0 

0.000000 0.000000 148.000000  0  10 6 3 1224979098644774912 648518346341351446 648518346341351464 521 3 1224979098644774914 1224979098644774912 7 31 2 1224979098644774914 360287970189639680 1630 3 1224979098644774913 1224979098644774912 360287970189640887 521 3 1224979098644774915 1224979098644774912 26 30 2 1224979098644774915 25 2122 3 1224979098644774916 1224979098644774915 8 2147483678 2 1224979098644774913 1224979098644774916 1610 3 1224979098644774912 360287970189640887 1224979098644774915 3 0 

0.000000 0.000000 6.000000  3 2302 2 72057594037927937 576460752303423665 524 3 72057594037927938 576460752303423665 255 2147483679 2 72057594037927937 72057594037927938  12 504 3 576460752303423665 255 72057594037927937 2106 2 144115188075856162 100 520 3 1224979098644774912 360287970189639680 7 2106 2 1224979098644774912 500 2133 2 144115188075857313 21 500 3 360287970189639680 7 1224979098644774912 6 3 1224979098644774913 648518346341351446 648518346341351594 521 3 1224979098644774914 1224979098644774913 26 30 2 1224979098644774914 5 2106 2 1224979098644774914 5 501 3 1224979098644774913 26 1224979098644774914 3 0 

0.000000 0.000000 168.000000  2 2310 2 1224979098644774912 576460752303423665 30 2 1224979098644774912 1  30 2311 2 1224979098644774912 576460752303423665 4 0 1601 2 1224979098644774922 1224979098644774912 2147483678 2 1224979098644774922 800 2149 2 1224979098644774913 360287970189639680 30 2 1224979098644774913 1500 1529 2 360287970189639680 1500 4 0 31 2 144115188075856156 24 1612 3 1224979098644774912 360287970189640014 2 3 0 1675 2 1224979098644774912 576460752303423665 2136 3 1224979098644774914 3 5 6 3 1224979098644774915 0 1224979098644774914 2136 3 1224979098644774916 576460752303423663 576460752303423665 1675 2 1224979098644774912 1224979098644774916 3 0 3 0 1650 2 1224979098644774917 1224979098644774912 7 3 1224979098644774918 0 1224979098644774917 1652 3 1224979098644774919 1224979098644774912 1224979098644774918 2173 2 1224979098644774920 1224979098644774919 4 0 1073741855 2 1224979098644774919 360287970189640014 31 2 1224979098644774920 432345564227567630 5 0 1631 3 1224979098644774921 1224979098644774912 1224979098644774919 1615 3 1224979098644774912 1224979098644774919 1224979098644774921 3 0 3 0 

0.000000 0.000000 100000000.000000  1 37 1 0  61 504 3 576460752303423666 100 216172782113788871 504 3 576460752303423666 101 216172782113788872 504 3 576460752303423667 101 216172782113788880 504 3 576460752303423667 102 216172782113788880 504 3 576460752303423667 103 216172782113788881 504 3 576460752303423667 104 216172782113788882 504 3 576460752303423667 105 216172782113788883 504 3 576460752303423667 106 216172782113788884 500 3 360287970189640888 130 216172782113788886 500 3 360287970189640884 130 216172782113788885 502 3 432345564227567660 150 1369094286720630795 502 3 432345564227567661 150 1369094286720630786 502 3 432345564227567662 150 1369094286720630809 502 3 432345564227567663 150 1369094286720630811 502 3 432345564227567664 150 1369094286720630810 502 3 432345564227567665 150 1369094286720630799 502 3 432345564227567666 150 1369094286720630798 502 3 432345564227567667 150 1369094286720630793 502 3 432345564227567668 150 1369094286720630794 502 3 432345564227567669 150 1369094286720630807 502 3 432345564227567670 150 1369094286720630791 502 3 432345564227567671 150 1369094286720630792 502 3 432345564227567672 150 1369094286720630801 502 3 432345564227567673 150 1369094286720630817 502 3 432345564227567674 150 1369094286720630806 502 3 432345564227567675 150 1369094286720630808 502 3 432345564227567676 150 1369094286720630800 502 3 432345564227567677 150 1369094286720630784 502 3 432345564227567678 150 1369094286720630818 500 3 360287970189640889 169 190 500 3 360287970189640889 170 65 500 3 360287970189640889 171 0 500 3 360287970189640889 172 0 500 3 360287970189640902 169 89 500 3 360287970189640902 170 33 500 3 360287970189640902 171 15 500 3 360287970189640902 172 1 500 3 360287970189640885 169 150 500 3 360287970189640885 170 43 500 3 360287970189640885 171 31 500 3 360287970189640885 172 1 500 3 360287970189640886 169 123 500 3 360287970189640886 170 44 500 3 360287970189640886 171 0 500 3 360287970189640886 172 2 500 3 360287970189640887 169 86 500 3 360287970189640887 170 34 500 3 360287970189640887 171 0 500 3 360287970189640887 172 2 500 3 360287970189640892 169 163 500 3 360287970189640892 170 48 500 3 360287970189640892 171 35 500 3 360287970189640892 172 3 500 3 360287970189640895 169 153 500 3 360287970189640895 170 44 500 3 360287970189640895 171 33 500 3 360287970189640895 172 1 500 3 360287970189640903 169 156 500 3 360287970189640903 170 68 500 3 360287970189640903 171 0 500 3 360287970189640903 172 2 

0.000000 0.000000 168.000000  4 520 3 1224979098644774912 360287970189639680 30 33 3 1224979098644774912 360287970189640317 360287970189640417 520 3 1224979098644774913 1224979098644774912 22 30 2 1224979098644774913 20  84 520 3 1224979098644774912 360287970189639680 30 520 3 1224979098644774913 1224979098644774912 52 2136 3 1224979098644774914 0 3 2107 2 1224979098644774914 1000 1062 2 1224979098644774914 1224979098644774912 4 0 31 2 1224979098644774913 21 6 3 1224979098644774915 648518346341351446 648518346341351594 541 3 1224979098644774915 7 360287970189639680 2171 2 1224979098644774916 1224979098644774912 2106 2 1224979098644774916 5 2136 3 1224979098644774917 1 1224979098644774916 1 3 936748722493063444 1224979098644774915 1224979098644774917 3 0 2133 2 144115188075857318 1 1106 1 216172782113788873 5 0 31 2 1224979098644774913 22 2170 3 1224979098644774915 1369094286720630801 1224979098644774912 2171 2 1224979098644774916 1224979098644774912 2107 2 1224979098644774915 1224979098644774916 2107 2 1224979098644774915 100 1674 2 648518346341351424 1224979098644774915 2133 2 144115188075857318 1224979098644774916 1106 1 216172782113788874 5 0 31 2 1224979098644774913 23 2133 2 144115188075857318 1 2172 3 1224979098644774915 1224979098644774912 3 2136 3 1224979098644774916 0 6 2105 2 1224979098644774916 1224979098644774915 2108 2 1224979098644774915 3 2136 3 1224979098644774917 360287970189640009 360287970189640028 2173 2 1224979098644774918 1224979098644774917 2322 2 1 1224979098644774917 2335 2 2 1224979098644774918 4 0 30 2 1224979098644774916 10 2190 3 1224979098644774919 432345564227567629 1224979098644774918 2105 2 1224979098644774919 1224979098644774915 1610 3 648518346341351424 1224979098644774917 1224979098644774915 1270 3 1224979098644774918 432345564227567629 1224979098644774919 1106 1 216172782113788875 5 0 2190 3 1224979098644774919 432345564227567629 1224979098644774918 2106 2 1224979098644774919 1224979098644774915 1270 3 1224979098644774918 432345564227567629 1224979098644774919 1106 1 216172782113788876 3 0 5 0 31 2 1224979098644774913 24 2133 2 144115188075857318 1 2170 3 1224979098644774915 1369094286720630785 1224979098644774912 2136 3 1224979098644774916 1 1224979098644774915 2107 2 1224979098644774915 1224979098644774916 520 3 1224979098644774917 360287970189639680 7 2105 2 1224979098644774917 1224979098644774915 4 0 2136 3 1224979098644774918 1224979098644774915 11 30 2 1224979098644774918 4 2105 2 144115188075855991 1 3 0 500 3 360287970189639680 7 1224979098644774917 1106 1 216172782113788877 5 0 31 2 1224979098644774913 25 2171 2 1224979098644774915 1224979098644774912 2136 3 1224979098644774916 2 1224979098644774915 2108 2 1224979098644774916 2 2105 2 144115188075856162 1224979098644774916 2133 2 1224979098644774920 0 1106 1 216172782113788878 6 3 1224979098644774917 360287970189640211 360287970189640311 1073742364 3 1224979098644774917 52 6 540 3 1224979098644774917 52 7 30 2 1224979098644774915 1224979098644774920 2136 3 1224979098644774918 0 3 520 3 1224979098644774919 1224979098644774917 22 2105 2 1224979098644774919 1224979098644774918 500 3 1224979098644774917 22 1224979098644774919 2105 2 1224979098644774920 1 3 0 2133 2 144115188075857318 1 3 0 

12.000000 0.000000 24.000000  9 2136 3 1224979098644774914 0 5 2133 2 1224979098644774915 102 2105 2 1224979098644774915 1224979098644774914 524 3 1224979098644774916 576460752303423667 1224979098644774915 504 3 576460752303423667 101 1224979098644774916 2310 2 1224979098644774912 576460752303423667 31 2 1224979098644774912 0 524 3 1224979098644774913 576460752303423667 97 2147483679 2 1224979098644774913 1  10 2136 3 1224979098644774912 0 1000 4 0 30 2 1224979098644774912 850 1103 1 2 1100 2 648518346341351447 576460752303423667 1640 2 72057594037927936 3 1641 2 72057594037927936 648518346341351447 1643 2 72057594037927936 6 1106 1 216172782113788879 3 0 

0.000000 0.000000 150.000000  4 2311 2 72057594037927938 576460752303423560 132 1 72057594037927938 1601 2 1224979098644774912 72057594037927938 30 2 1224979098644774912 1200  5 1103 1 9 1100 2 72057594037927938 576460752303423668 1640 2 72057594037927936 4 1641 2 72057594037927936 72057594037927938 1106 1 216172782113788887 

0.000000 0.000000 100000000.000000  1 37 1 0  62 502 3 432345564227567623 155 360287970189639938 502 3 432345564227567624 155 360287970189639937 502 3 432345564227567625 155 360287970189639935 502 3 432345564227567626 155 360287970189639936 502 3 432345564227567627 155 360287970189639939 502 3 432345564227567628 155 360287970189639941 502 3 432345564227567623 156 360287970189639934 502 3 432345564227567624 156 360287970189639932 502 3 432345564227567625 156 360287970189639930 502 3 432345564227567626 156 360287970189639931 502 3 432345564227567627 156 360287970189639934 502 3 432345564227567628 156 360287970189639940 502 3 432345564227567623 157 360287970189639928 502 3 432345564227567624 157 360287970189639927 502 3 432345564227567625 157 360287970189639925 502 3 432345564227567626 157 360287970189639926 502 3 432345564227567627 157 360287970189639929 502 3 432345564227567628 157 360287970189639758 502 3 432345564227567623 158 576460752303423561 502 3 432345564227567624 158 576460752303423567 502 3 432345564227567625 158 576460752303423566 502 3 432345564227567626 158 576460752303423565 502 3 432345564227567627 158 576460752303423571 502 3 432345564227567623 159 360287970189639988 502 3 432345564227567624 159 360287970189639987 502 3 432345564227567625 159 360287970189639986 502 3 432345564227567626 159 360287970189639984 502 3 432345564227567627 159 360287970189639985 502 3 432345564227567623 160 360287970189639782 502 3 432345564227567624 160 360287970189639801 502 3 432345564227567625 160 360287970189639821 502 3 432345564227567626 160 360287970189639842 502 3 432345564227567627 160 360287970189639863 502 3 432345564227567628 160 360287970189640904 500 3 360287970189640217 175 5 500 3 360287970189640238 175 7 500 3 360287970189640257 175 6 500 3 360287970189640278 175 6 500 3 360287970189640297 175 7 507 3 288230376151713315 70 432345564227567631 507 3 288230376151713316 70 432345564227567632 507 3 288230376151713317 70 432345564227567633 507 3 288230376151713318 70 432345564227567634 507 3 288230376151713319 70 432345564227567635 507 3 288230376151713322 70 432345564227567653 507 3 288230376151713315 71 155 507 3 288230376151713316 71 175 507 3 288230376151713317 71 265 507 3 288230376151713318 71 210 507 3 288230376151713319 71 150 507 3 288230376151713322 72 170 507 3 288230376151713315 72 3000 507 3 288230376151713316 72 3500 507 3 288230376151713317 72 2800 507 3 288230376151713318 72 2500 507 3 288230376151713319 72 4000 507 3 288230376151713322 72 3500 502 3 432345564227567623 161 288230376151713315 502 3 432345564227567624 161 288230376151713316 502 3 432345564227567625 161 288230376151713317 502 3 432345564227567626 161 288230376151713318 502 3 432345564227567627 161 288230376151713319 

24.000000 0.000000 336.000000  1 33 3 144115188075857315 360287970189640311 360287970189640316  15 520 3 1224979098644774913 144115188075857315 158 520 3 1224979098644774915 144115188075857315 14 522 3 1224979098644774916 1224979098644774915 11 522 3 1224979098644774914 1224979098644774915 256 2335 2 8 1224979098644774915 1100 2 1224979098644774914 576460752303423669 1103 1 2 2133 2 1224979098644774917 72057594037927936 1612 3 1224979098644774917 1224979098644774913 50 1606 2 1224979098644774917 5 501 3 1224979098644774917 0 13 501 3 1224979098644774917 1224979098644774915 19 502 3 1224979098644774915 257 1224979098644774917 2133 2 144115188075857315 1 1106 2 216172782113788890 9315107 

0.000000 0.000000 12.000000  0  13 4 0 560 3 360287970189640891 3 1 31 2 144115188075857316 0 2133 2 144115188075857316 1 1106 1 216172782113788894 3 0 4 0 544 3 576460752303423563 6 1 31 2 144115188075857316 1 2133 2 144115188075857316 2 1106 1 216172782113788895 1530 2 360287970189639680 288230376151713296 3 0 

0.000000 0.000000 7.000000  0  28 4 0 2310 2 1224979098644774912 576460752303423669 32 2 1224979098644774912 0 2311 2 1224979098644774913 576460752303423669 521 3 1224979098644774914 1224979098644774913 19 522 3 1224979098644774915 1224979098644774914 11 520 3 1224979098644774916 1224979098644774915 10 30 2 1224979098644774916 0 132 1 1224979098644774916 2147483679 2 1224979098644774916 648518346341351424 1640 2 1224979098644774913 4 1641 2 1224979098644774913 1224979098644774916 3 0 4 0 2310 2 1224979098644774912 576460752303423670 32 2 1224979098644774912 0 2311 2 1224979098644774913 576460752303423670 1647 2 1224979098644774913 200 2204 2 1224979098644774914 1224979098644774913 562 3 1224979098644774914 8 0 522 3 1224979098644774915 1224979098644774914 8 520 3 1224979098644774916 1224979098644774915 10 30 2 1224979098644774916 0 132 1 1224979098644774916 2147483679 2 1224979098644774916 648518346341351424 1640 2 1224979098644774913 10 1641 2 1224979098644774913 1224979098644774916 3 0 

0.000000 0.000000 24.000000  0  28 6 3 1224979098644774912 648518346341351504 648518346341351594 561 3 1224979098644774912 20 0 521 3 1224979098644774913 1224979098644774912 20 521 3 1224979098644774919 1224979098644774912 21 132 1 1224979098644774913 541 3 1224979098644774913 11 1224979098644774912 521 3 1224979098644774914 1224979098644774913 10 521 3 1224979098644774916 1224979098644774913 12 521 3 1224979098644774917 1224979098644774912 50 31 2 1224979098644774914 360287970189639680 2120 3 1224979098644774918 1224979098644774917 220 1528 2 360287970189639680 1224979098644774918 4 0 31 2 1224979098644774916 1 2105 2 1224979098644774917 65 501 3 1224979098644774912 50 1224979098644774917 1232 1 1224979098644774913 501 3 1224979098644774912 20 1 5 0 2106 2 1224979098644774916 1 501 3 1224979098644774913 12 1224979098644774916 3 0 4 0 30 2 1224979098644774919 1 2106 2 1224979098644774919 1 501 3 1224979098644774912 21 1224979098644774919 3 0 3 0 

24.000000 0.000000 100000000.000000  4 520 3 1224979098644774912 360287970189639680 30 33 3 1224979098644774912 360287970189640317 360287970189640417 520 3 1224979098644774913 1224979098644774912 22 30 2 1224979098644774913 90  2 1530 2 360287970189639680 288230376151713299 1530 2 360287970189639680 288230376151713304 

0.000000 0.000000 72.000000  0  44 6 3 1224979098644774912 648518346341351446 648518346341351594 521 3 1224979098644774913 1224979098644774912 7 33 3 1224979098644774913 360287970189640206 360287970189640316 521 3 1224979098644774914 1224979098644774912 0 2133 2 1224979098644774916 1000 2204 2 1224979098644774917 1224979098644774912 522 3 1224979098644774918 1224979098644774917 10 522 3 1224979098644774919 1224979098644774918 160 520 3 1224979098644774921 1224979098644774913 11 4 0 31 2 1224979098644774914 2 2107 2 1224979098644774916 2 2105 2 1224979098644774921 1224979098644774916 500 3 1224979098644774913 11 1224979098644774921 5 0 31 2 1224979098644774914 3 2107 2 1224979098644774916 4 2105 2 1224979098644774921 1224979098644774916 500 3 1224979098644774913 11 1224979098644774921 5 0 2105 2 1224979098644774921 1224979098644774916 500 3 1224979098644774913 11 1224979098644774921 3 0 4 0 520 3 1224979098644774920 1224979098644774913 10 132 1 1224979098644774920 2147483679 2 1224979098644774920 648518346341351424 2170 3 1224979098644774922 1369094286720630785 1224979098644774913 2171 2 1224979098644774923 1224979098644774913 2121 3 1224979098644774927 11 1224979098644774922 2123 3 1224979098644774924 1224979098644774923 1224979098644774927 1631 3 1224979098644774925 1224979098644774920 1224979098644774919 520 3 1224979098644774926 1224979098644774913 175 4 0 30 2 1224979098644774926 4 30 2 1224979098644774923 1224979098644774925 2107 2 1224979098644774926 2 1610 3 1224979098644774920 1224979098644774919 1224979098644774926 5 0 30 2 1224979098644774924 1224979098644774925 1610 3 1224979098644774920 1224979098644774919 3 3 0 3 0 3 0 

