partiesfile version 1
329 329
 1 0 0 p_main_party Main_Party 1048576 0 0 14 0 0 0 0 0 17.000000 52.500000 17.000000 52.500000 17.000000 52.500000 0.0 1 0 1 0 0 
0.000000
 1 1 1 p_temp_party {!}temp_party 256 0 0 1 0 0 0 0 0 0.000000 0.000000 0.000000 0.000000 0.000000 0.000000 0.0 0 
0.000000
 1 2 2 p_camp_bandits {!}camp_bandits 256 0 0 2 0 0 0 0 0 1.000000 1.000000 1.000000 1.000000 1.000000 1.000000 0.0 1 3 3 0 0 
0.000000
 1 3 3 p_temp_party_2 {!}temp_party_2 256 0 0 1 0 0 0 0 0 0.000000 0.000000 0.000000 0.000000 0.000000 0.000000 0.0 0 
0.000000
 1 4 4 p_temp_casualties {!}casualties 256 0 0 3 0 0 0 0 0 1.000000 1.000000 1.000000 1.000000 1.000000 1.000000 0.0 0 
0.000000
 1 5 5 p_temp_casualties_2 {!}casualties 256 0 0 3 0 0 0 0 0 1.000000 1.000000 1.000000 1.000000 1.000000 1.000000 0.0 0 
0.000000
 1 6 6 p_temp_casualties_3 {!}casualties 256 0 0 3 0 0 0 0 0 1.000000 1.000000 1.000000 1.000000 1.000000 1.000000 0.0 0 
0.000000
 1 7 7 p_temp_wounded {!}enemies_wounded 256 0 0 3 0 0 0 0 0 1.000000 1.000000 1.000000 1.000000 1.000000 1.000000 0.0 0 
0.000000
 1 8 8 p_temp_killed {!}enemies_killed 256 0 0 3 0 0 0 0 0 1.000000 1.000000 1.000000 1.000000 1.000000 1.000000 0.0 0 
0.000000
 1 9 9 p_main_party_backup {!}_ 256 0 0 3 0 0 0 0 0 1.000000 1.000000 1.000000 1.000000 1.000000 1.000000 0.0 0 
0.000000
 1 10 10 p_encountered_party_backup {!}_ 256 0 0 3 0 0 0 0 0 1.000000 1.000000 1.000000 1.000000 1.000000 1.000000 0.0 0 
0.000000
 1 11 11 p_collective_friends_backup {!}_ 256 0 0 3 0 0 0 0 0 1.000000 1.000000 1.000000 1.000000 1.000000 1.000000 0.0 0 
0.000000
 1 12 12 p_player_casualties {!}_ 256 0 0 3 0 0 0 0 0 1.000000 1.000000 1.000000 1.000000 1.000000 1.000000 0.0 0 
0.000000
 1 13 13 p_enemy_casualties {!}_ 256 0 0 3 0 0 0 0 0 1.000000 1.000000 1.000000 1.000000 1.000000 1.000000 0.0 0 
0.000000
 1 14 14 p_ally_casualties {!}_ 256 0 0 3 0 0 0 0 0 1.000000 1.000000 1.000000 1.000000 1.000000 1.000000 0.0 0 
0.000000
 1 15 15 p_collective_enemy {!}collective_enemy 256 0 0 3 0 0 0 0 0 1.000000 1.000000 1.000000 1.000000 1.000000 1.000000 0.0 0 
0.000000
 1 16 16 p_collective_ally {!}collective_ally 256 0 0 3 0 0 0 0 0 1.000000 1.000000 1.000000 1.000000 1.000000 1.000000 0.0 0 
0.000000
 1 17 17 p_collective_friends {!}collective_ally 256 0 0 3 0 0 0 0 0 1.000000 1.000000 1.000000 1.000000 1.000000 1.000000 0.0 0 
0.000000
 1 18 18 p_total_enemy_casualties {!}_ 256 0 0 3 0 0 0 0 0 1.000000 1.000000 1.000000 1.000000 1.000000 1.000000 0.0 0 
0.000000
 1 19 19 p_routed_enemies {!}routed_enemies 256 0 0 3 0 0 0 0 0 1.000000 1.000000 1.000000 1.000000 1.000000 1.000000 0.0 0 
0.000000
 1 20 20 p_zendar Zendar 2114828 0 0 3 0 0 0 0 0 18.000000 60.000000 18.000000 60.000000 18.000000 60.000000 0.0 0 
0.000000
 1 21 21 p_town_1 Sargoth 4219916 0 0 3 0 0 0 0 0 -17.600000 79.700000 -17.600000 79.700000 -17.600000 79.700000 0.0 0 
2.967060
 1 22 22 p_town_2 Tihr 4219916 0 0 3 0 0 0 0 0 -53.500000 78.400000 -53.500000 78.400000 -53.500000 78.400000 0.0 0 
2.094395
 1 23 23 p_town_3 Veluca 4219916 0 0 3 0 0 0 0 0 -57.400000 -44.500000 -57.400000 -44.500000 -57.400000 -44.500000 0.0 0 
1.396263
 1 24 24 p_town_4 Suno 4219916 0 0 3 0 0 0 0 0 -70.000000 15.400000 -70.000000 15.400000 -70.000000 15.400000 0.0 0 
5.061455
 1 25 25 p_town_5 Jelkala 4219916 0 0 3 0 0 0 0 0 -74.600000 -79.700000 -74.600000 -79.700000 -74.600000 -79.700000 0.0 0 
1.570796
 1 26 26 p_town_6 Praven 4219916 0 0 3 0 0 0 0 0 -96.000000 26.400000 -96.000000 26.400000 -96.000000 26.400000 0.0 0 
2.705260
 1 27 27 p_town_7 Uxkhal 4219916 0 0 3 0 0 0 0 0 -50.000000 -8.500000 -50.000000 -8.500000 -50.000000 -8.500000 0.0 0 
4.188790
 1 28 28 p_town_8 Reyvadin 4219916 0 0 3 0 0 0 0 0 48.440000 39.300000 48.440000 39.300000 48.440000 39.300000 0.0 0 
3.054326
 1 29 29 p_town_9 Khudan 4219938 0 0 3 0 0 0 0 0 94.000000 65.200000 94.000000 65.200000 94.000000 65.200000 0.0 0 
1.570796
 1 30 30 p_town_10 Tulga 4219917 0 0 3 0 0 0 0 0 135.500000 -22.000000 135.500000 -22.000000 135.500000 -22.000000 0.0 0 
5.410521
 1 31 31 p_town_11 Curaw 4219938 0 0 3 0 0 0 0 0 43.000000 67.500000 43.000000 67.500000 43.000000 67.500000 0.0 0 
2.617994
 1 32 32 p_town_12 Wercheg 4219916 0 0 3 0 0 0 0 0 -1.200000 108.900000 -1.200000 108.900000 -1.200000 108.900000 0.0 0 
0.436332
 1 33 33 p_town_13 Rivacheg 4219916 0 0 3 0 0 0 0 0 64.800000 113.700000 64.800000 113.700000 64.800000 113.700000 0.0 0 
1.047198
 1 34 34 p_town_14 Halmar 4219917 0 0 3 0 0 0 0 0 59.600000 -43.700000 59.600000 -43.700000 59.600000 -43.700000 0.0 0 
2.356194
 1 35 35 p_town_15 Yalen 4219916 0 0 3 0 0 0 0 0 -132.800000 -47.300000 -132.800000 -47.300000 -132.800000 -47.300000 0.0 0 
0.785398
 1 36 36 p_town_16 Dhirim 4219916 0 0 3 0 0 0 0 0 14.000000 -2.000000 14.000000 -2.000000 14.000000 -2.000000 0.0 0 
0.000000
 1 37 37 p_town_17 Ichamur 4219917 0 0 3 0 0 0 0 0 121.800000 8.600000 121.800000 8.600000 121.800000 8.600000 0.0 0 
1.570796
 1 38 38 p_town_18 Narra 4219917 0 0 3 0 0 0 0 0 88.000000 -26.500000 88.000000 -26.500000 88.000000 -26.500000 0.0 0 
2.356194
 1 39 39 p_town_19 Shariz 4219918 0 0 3 0 0 0 0 0 15.000000 -107.000000 15.000000 -107.000000 15.000000 -107.000000 0.0 0 
0.785398
 1 40 40 p_town_20 Durquba 4219918 0 0 3 0 0 0 0 0 90.000000 -95.100000 90.000000 -95.100000 90.000000 -95.100000 0.0 0 
4.712389
 1 41 41 p_town_21 Ahmerrad 4219918 0 0 3 0 0 0 0 0 130.500000 -78.500000 130.500000 -78.500000 130.500000 -78.500000 0.0 0 
5.759586
 1 42 42 p_town_22 Bariyye 4219918 0 0 3 0 0 0 0 0 165.000000 -106.700000 165.000000 -106.700000 165.000000 -106.700000 0.0 0 
3.926991
 1 43 43 p_town_23 Keebur 4219916 0 0 3 0 0 0 0 0 -20.000000 11.000000 -20.000000 11.000000 -20.000000 11.000000 0.0 0 
5.061455
 1 44 44 p_town_24 Betazim 4219916 0 0 3 0 0 0 0 0 -120.970000 12.280000 -120.970000 12.280000 -120.970000 12.280000 0.0 0 
0.000000
 1 45 45 p_town_25 Itice 4219938 0 0 3 0 0 0 0 0 101.000000 102.000000 101.000000 102.000000 101.000000 102.000000 0.0 0 
1.483530
 1 46 46 p_town_26 Hottam 4219917 0 0 3 0 0 0 0 0 159.000000 9.000000 159.000000 9.000000 159.000000 9.000000 0.0 0 
0.785398
 1 47 47 p_town_27 Lathow_Bay 4219916 0 0 3 0 0 0 0 0 -103.000000 81.000000 -103.000000 81.000000 -103.000000 81.000000 0.0 0 
0.959931
 1 48 48 p_town_28 Subtech 4219916 0 0 3 0 0 0 0 0 -36.740000 -94.740000 -36.740000 -94.740000 -36.740000 -94.740000 0.0 0 
0.785398
 1 49 49 p_town_29 Launocane 4219918 0 0 3 0 0 0 0 0 63.650000 -110.720000 63.650000 -110.720000 63.650000 -110.720000 0.0 0 
5.759586
 1 50 50 p_castle_1 Culmarr_Castle 4215838 0 0 3 0 0 0 0 0 -100.820000 -22.290000 -100.820000 -22.290000 -100.820000 -22.290000 0.0 0 
0.872665
 1 51 51 p_castle_2 Malayurg_Castle 4215839 0 0 3 0 0 0 0 0 97.500000 -2.200000 97.500000 -2.200000 97.500000 -2.200000 0.0 0 
1.308997
 1 52 52 p_castle_3 Bulugha_Castle 4215838 0 0 3 0 0 0 0 0 47.500000 111.300000 47.500000 111.300000 47.500000 111.300000 0.0 0 
1.745329
 1 53 53 p_castle_4 Radoghir_Castle 4215840 0 0 3 0 0 0 0 0 32.500000 47.800000 32.500000 47.800000 32.500000 47.800000 0.0 0 
3.141593
 1 54 54 p_castle_5 Tehlrog_Castle 4215840 0 0 3 0 0 0 0 0 -4.800000 63.700000 -4.800000 63.700000 -4.800000 63.700000 0.0 0 
1.570796
 1 55 55 p_castle_6 Tilbaut_Castle 4215838 0 0 3 0 0 0 0 0 37.600000 17.100000 37.600000 17.100000 37.600000 17.100000 0.0 0 
0.959931
 1 56 56 p_castle_7 Sungetche_Castle 4215843 0 0 3 0 0 0 0 0 109.500000 41.500000 109.500000 41.500000 109.500000 41.500000 0.0 0 
0.785398
 1 57 57 p_castle_8 Jeirbe_Castle 4215838 0 0 3 0 0 0 0 0 35.200000 88.980000 35.200000 88.980000 35.200000 88.980000 0.0 0 
0.523599
 1 58 58 p_castle_9 Jamiche_Castle 4215838 0 0 3 0 0 0 0 0 -7.500000 -82.600000 -7.500000 -82.600000 -7.500000 -82.600000 0.0 0 
1.745329
 1 59 59 p_castle_10 Alburq_Castle 4215840 0 0 3 0 0 0 0 0 17.260000 100.950000 17.260000 100.950000 17.260000 100.950000 0.0 0 
1.919862
 1 60 60 p_castle_11 Curin_Castle 4215838 0 0 3 0 0 0 0 0 -27.500000 83.460000 -27.500000 83.460000 -27.500000 83.460000 0.0 0 
1.308997
 1 61 61 p_castle_12 Chalbek_Castle 4215839 0 0 3 0 0 0 0 0 -84.750000 105.500000 -84.750000 105.500000 -84.750000 105.500000 0.0 0 
1.658063
 1 62 62 p_castle_13 Kelredan_Castle 4215838 0 0 3 0 0 0 0 0 -21.650000 31.840000 -21.650000 31.840000 -21.650000 31.840000 0.0 0 
2.007129
 1 63 63 p_castle_14 Maras_Castle 4215840 0 0 3 0 0 0 0 0 -122.400000 -18.100000 -122.400000 -18.100000 -122.400000 -18.100000 0.0 0 
1.570796
 1 64 64 p_castle_15 Ergellon_Castle 4215838 0 0 3 0 0 0 0 0 -52.500000 -28.000000 -52.500000 -28.000000 -52.500000 -28.000000 0.0 0 
4.101524
 1 65 65 p_castle_16 Almerra_Castle 4215840 0 0 3 0 0 0 0 0 -10.600000 -65.600000 -10.600000 -65.600000 -10.600000 -65.600000 0.0 0 
0.785398
 1 66 66 p_castle_17 Distar_Castle 4215838 0 0 3 0 0 0 0 0 140.300000 -10.800000 140.300000 -10.800000 140.300000 -10.800000 0.0 0 
0.261799
 1 67 67 p_castle_18 Ismirala_Castle 4215843 0 0 3 0 0 0 0 0 14.400000 70.100000 14.400000 70.100000 14.400000 70.100000 0.0 0 
5.235988
 1 68 68 p_castle_19 Yruma_Castle 4215843 0 0 3 0 0 0 0 0 69.500000 55.600000 69.500000 55.600000 69.500000 55.600000 0.0 0 
4.886922
 1 69 69 p_castle_20 Derchios_Castle 4215838 0 0 3 0 0 0 0 0 16.000000 11.500000 16.000000 11.500000 16.000000 11.500000 0.0 0 
4.537856
 1 70 70 p_castle_21 Ibdeles_Castle 4215838 0 0 3 0 0 0 0 0 -73.000000 -89.500000 -73.000000 -89.500000 -73.000000 -89.500000 0.0 0 
4.537856
 1 71 71 p_castle_22 Unuzdaq_Castle 4215838 0 0 3 0 0 0 0 0 33.000000 -64.000000 33.000000 -64.000000 33.000000 -64.000000 0.0 0 
4.537856
 1 72 72 p_castle_23 Tevarin_Castle 4215838 0 0 3 0 0 0 0 0 -124.800000 44.300000 -124.800000 44.300000 -124.800000 44.300000 0.0 0 
1.396263
 1 73 73 p_castle_24 Reindi_Castle 4215838 0 0 3 0 0 0 0 0 21.460000 -33.860000 21.460000 -33.860000 21.460000 -33.860000 0.0 0 
4.537856
 1 74 74 p_castle_25 Ryibelet_Castle 4215838 0 0 3 0 0 0 0 0 -57.000000 30.600000 -57.000000 30.600000 -57.000000 30.600000 0.0 0 
4.537856
 1 75 75 p_castle_26 Senuzgda_Castle 4215838 0 0 3 0 0 0 0 0 -2.500000 -9.500000 -2.500000 -9.500000 -2.500000 -9.500000 0.0 0 
4.537856
 1 76 76 p_castle_27 Rindyar_Castle 4215838 0 0 3 0 0 0 0 0 72.500000 -10.500000 72.500000 -10.500000 72.500000 -10.500000 0.0 0 
4.537856
 1 77 77 p_castle_28 Grunwalder_Castle 4215838 0 0 3 0 0 0 0 0 -36.400000 -39.300000 -36.400000 -39.300000 -36.400000 -39.300000 0.0 0 
4.537856
 1 78 78 p_castle_29 Nelag_Castle 4215843 0 0 3 0 0 0 0 0 147.700000 50.400000 147.700000 50.400000 147.700000 50.400000 0.0 0 
4.886922
 1 79 79 p_castle_30 Asugan_Castle 4215841 0 0 3 0 0 0 0 0 176.000000 -47.000000 176.000000 -47.000000 176.000000 -47.000000 0.0 0 
4.537856
 1 80 80 p_castle_31 Vyincourd_Castle 4215838 0 0 3 0 0 0 0 0 -67.010000 -11.960000 -67.010000 -11.960000 -67.010000 -11.960000 0.0 0 
4.537856
 1 81 81 p_castle_32 Knudarr_Castle 4215838 0 0 3 0 0 0 0 0 2.000000 30.100000 2.000000 30.100000 2.000000 30.100000 0.0 0 
4.537856
 1 82 82 p_castle_33 Etrosq_Castle 4215838 0 0 3 0 0 0 0 0 -107.320000 -43.830000 -107.320000 -43.830000 -107.320000 -43.830000 0.0 0 
1.396263
 1 83 83 p_castle_34 Hrus_Castle 4215838 0 0 3 0 0 0 0 0 -72.500000 78.600000 -72.500000 78.600000 -72.500000 78.600000 0.0 0 
4.537856
 1 84 84 p_castle_35 Haringoth_Castle 4215838 0 0 3 0 0 0 0 0 -110.000000 0.000000 -110.000000 0.000000 -110.000000 0.000000 0.0 0 
4.537856
 1 85 85 p_castle_36 Jelbegi_Castle 4215838 0 0 3 0 0 0 0 0 -47.300000 53.200000 -47.300000 53.200000 -47.300000 53.200000 0.0 0 
4.537856
 1 86 86 p_castle_37 Dramug_Castle 4215840 0 0 3 0 0 0 0 0 55.300000 23.000000 55.300000 23.000000 55.300000 23.000000 0.0 0 
4.537856
 1 87 87 p_castle_38 Tulbuk_Castle 4215841 0 0 3 0 0 0 0 0 141.700000 33.300000 141.700000 33.300000 141.700000 33.300000 0.0 0 
4.537856
 1 88 88 p_castle_39 Slezkh_Castle 4215843 0 0 3 0 0 0 0 0 56.800000 74.500000 56.800000 74.500000 56.800000 74.500000 0.0 0 
4.886922
 1 89 89 p_castle_40 Uhhun_Castle 4215841 0 0 3 0 0 0 0 0 62.900000 -26.000000 62.900000 -26.000000 62.900000 -26.000000 0.0 0 
4.537856
 1 90 90 p_castle_41 Jameyyed_Castle 4215841 0 0 3 0 0 0 0 0 71.300000 -71.100000 71.300000 -71.100000 71.300000 -71.100000 0.0 0 
4.537856
 1 91 91 p_castle_42 Teramma_Castle 4215841 0 0 3 0 0 0 0 0 70.000000 -96.000000 70.000000 -96.000000 70.000000 -96.000000 0.0 0 
1.396263
 1 92 92 p_castle_43 Sharwa_Castle 4215841 0 0 3 0 0 0 0 0 172.000000 -65.000000 172.000000 -65.000000 172.000000 -65.000000 0.0 0 
4.537856
 1 93 93 p_castle_44 Durrin_Castle 4215841 0 0 3 0 0 0 0 0 128.000000 -87.000000 128.000000 -87.000000 128.000000 -87.000000 0.0 0 
4.537856
 1 94 94 p_castle_45 Caraf_Castle 4215841 0 0 3 0 0 0 0 0 30.600000 -110.600000 30.600000 -110.600000 30.600000 -110.600000 0.0 0 
4.537856
 1 95 95 p_castle_46 Weyyah_Castle 4215841 0 0 3 0 0 0 0 0 13.300000 -84.400000 13.300000 -84.400000 13.300000 -84.400000 0.0 0 
4.537856
 1 96 96 p_castle_47 Samarra_Castle 4215841 0 0 3 0 0 0 0 0 114.450000 -68.320000 114.450000 -68.320000 114.450000 -68.320000 0.0 0 
4.537856
 1 97 97 p_castle_48 Bardaq_Castle 4215841 0 0 3 0 0 0 0 0 157.000000 -80.000000 157.000000 -80.000000 157.000000 -80.000000 0.0 0 
4.537856
 1 98 98 p_castle_49 Apla_Castle 4215838 0 0 3 0 0 0 0 0 -140.300000 12.100000 -140.300000 12.100000 -140.300000 12.100000 0.0 0 
1.745329
 1 99 99 p_castle_50 Tredian_Castle 4215838 0 0 3 0 0 0 0 0 -77.300000 47.900000 -77.300000 47.900000 -77.300000 47.900000 0.0 0 
1.919862
 1 100 100 p_castle_51 Ryis_Castle 4215838 0 0 3 0 0 0 0 0 -94.360000 7.820000 -94.360000 7.820000 -94.360000 7.820000 0.0 0 
1.658063
 1 101 101 p_castle_52 Stamar_Castle 4215838 0 0 3 0 0 0 0 0 -43.300000 15.200000 -43.300000 15.200000 -43.300000 15.200000 0.0 0 
2.007129
 1 102 102 p_castle_53 Tshibtin_Castle 4215838 0 0 3 0 0 0 0 0 -22.250000 -4.370000 -22.250000 -4.370000 -22.250000 -4.370000 0.0 0 
0.523599
 1 103 103 p_castle_54 Yalibe_Castle 4215838 0 0 3 0 0 0 0 0 2.940000 -27.910000 2.940000 -27.910000 2.940000 -27.910000 0.0 0 
4.537856
 1 104 104 p_castle_55 Trislane_Castle 4215838 0 0 3 0 0 0 0 0 -83.150000 -2.860000 -83.150000 -2.860000 -83.150000 -2.860000 0.0 0 
2.007129
 1 105 105 p_castle_56 Doru_Castle 4215843 0 0 3 0 0 0 0 0 88.300000 84.100000 88.300000 84.100000 88.300000 84.100000 0.0 0 
1.570796
 1 106 106 p_castle_57 Gastya_Castle 4215843 0 0 3 0 0 0 0 0 119.600000 67.900000 119.600000 67.900000 119.600000 67.900000 0.0 0 
4.101524
 1 107 107 p_castle_58 Uslum_Castle 4215843 0 0 3 0 0 0 0 0 106.710000 82.560000 106.710000 82.560000 106.710000 82.560000 0.0 0 
4.886922
 1 108 108 p_castle_59 Redjiice_Castle 4215843 0 0 3 0 0 0 0 0 73.790000 40.040000 73.790000 40.040000 73.790000 40.040000 0.0 0 
4.886922
 1 109 109 p_castle_60 Sebula_Castle 4215838 0 0 3 0 0 0 0 0 168.800000 21.700000 168.800000 21.700000 168.800000 21.700000 0.0 0 
4.537856
 1 110 110 p_castle_61 Rduna_Castle 4215841 0 0 3 0 0 0 0 0 84.840000 10.560000 84.840000 10.560000 84.840000 10.560000 0.0 0 
4.537856
 1 111 111 p_castle_62 Acehatin_Castle 4215841 0 0 3 0 0 0 0 0 165.630000 -9.710000 165.630000 -9.710000 165.630000 -9.710000 0.0 0 
4.537856
 1 112 112 p_castle_63 Turegor_Castle 4215838 0 0 3 0 0 0 0 0 2.650000 88.260000 2.650000 88.260000 2.650000 88.260000 0.0 0 
4.537856
 1 113 113 p_castle_64 Rayeck_Castle 4215840 0 0 3 0 0 0 0 0 -119.400000 100.400000 -119.400000 100.400000 -119.400000 100.400000 0.0 0 
4.537856
 1 114 114 p_castle_65 Aldelen_Castle 4215838 0 0 3 0 0 0 0 0 -98.870000 55.580000 -98.870000 55.580000 -98.870000 55.580000 0.0 0 
4.537856
 1 115 115 p_castle_66 Stamcore_Castle 4215838 0 0 3 0 0 0 0 0 -67.280000 101.800000 -67.280000 101.800000 -67.280000 101.800000 0.0 0 
1.745329
 1 116 116 p_castle_67 Reland_Castle 4215838 0 0 3 0 0 0 0 0 -134.700000 -0.600000 -134.700000 -0.600000 -134.700000 -0.600000 0.0 0 
4.886922
 1 117 117 p_castle_68 Falsevor_Castle 4215840 0 0 3 0 0 0 0 0 -35.400000 -77.400000 -35.400000 -77.400000 -35.400000 -77.400000 0.0 0 
4.537856
 1 118 118 p_castle_69 Reichsin_Castle 4215840 0 0 3 0 0 0 0 0 -78.300000 -44.000000 -78.300000 -44.000000 -78.300000 -44.000000 0.0 0 
1.396263
 1 119 119 p_castle_70 Saren_Castle 4215838 0 0 3 0 0 0 0 0 -18.130000 -42.650000 -18.130000 -42.650000 -18.130000 -42.650000 0.0 0 
1.396263
 1 120 120 p_castle_71 Ghulassen_Castle 4215841 0 0 3 0 0 0 0 0 51.300000 -98.900000 51.300000 -98.900000 51.300000 -98.900000 0.0 0 
4.537856
 1 121 121 p_castle_72 Muhnir_Castle 4215841 0 0 3 0 0 0 0 0 101.170000 -103.590000 101.170000 -103.590000 101.170000 -103.590000 0.0 0 
4.537856
 1 122 122 p_castle_73 Biliya_Castle 4215841 0 0 3 0 0 0 0 0 116.680000 -103.910000 116.680000 -103.910000 116.680000 -103.910000 0.0 0 
4.537856
 1 123 123 p_castle_74 Sekhtem_Castle 4215841 0 0 3 0 0 0 0 0 83.500000 -76.880000 83.500000 -76.880000 83.500000 -76.880000 0.0 0 
4.537856
 1 124 124 p_village_1 Yaragar 2114575 0 0 3 0 0 0 0 0 -112.050000 23.220000 -112.050000 23.220000 -112.050000 23.220000 0.0 0 
1.745329
 1 125 125 p_village_2 Burglen 2114575 0 0 3 0 0 0 0 0 -90.190000 4.660000 -90.190000 4.660000 -90.190000 4.660000 0.0 0 
1.919862
 1 126 126 p_village_3 Azgad 2114575 0 0 3 0 0 0 0 0 -97.400000 36.000000 -97.400000 36.000000 -97.400000 36.000000 0.0 0 
2.094395
 1 127 127 p_village_4 Nomar 2114575 0 0 3 0 0 0 0 0 -36.600000 -13.200000 -36.600000 -13.200000 -36.600000 -13.200000 0.0 0 
2.268928
 1 128 128 p_village_5 Kulum 2114575 0 0 3 0 0 0 0 0 -122.700000 106.300000 -122.700000 106.300000 -122.700000 106.300000 0.0 0 
2.967060
 1 129 129 p_village_6 Emirin 2114575 0 0 3 0 0 0 0 0 13.070000 -13.630000 13.070000 -13.630000 13.070000 -13.630000 0.0 0 
1.745329
 1 130 130 p_village_7 Amere 2114575 0 0 3 0 0 0 0 0 -47.600000 8.200000 -47.600000 8.200000 -47.600000 8.200000 0.0 0 
1.919862
 1 131 131 p_village_8 Haen 2114575 0 0 3 0 0 0 0 0 -49.700000 74.000000 -49.700000 74.000000 -49.700000 74.000000 0.0 0 
2.094395
 1 132 132 p_village_9 Buvran 2114575 0 0 3 0 0 0 0 0 -85.000000 -75.350000 -85.000000 -75.350000 -85.000000 -75.350000 0.0 0 
2.268928
 1 133 133 p_village_10 Mechin 2114575 0 0 3 0 0 0 0 0 8.800000 34.750000 8.800000 34.750000 8.800000 34.750000 0.0 0 
2.967060
 1 134 134 p_village_11 Dusturil 2114575 0 0 3 0 0 0 0 0 137.200000 -36.500000 137.200000 -36.500000 137.200000 -36.500000 0.0 0 
1.745329
 1 135 135 p_village_12 Emer 2114575 0 0 3 0 0 0 0 0 -26.970000 20.410000 -26.970000 20.410000 -26.970000 20.410000 0.0 0 
1.919862
 1 136 136 p_village_13 Nemeja 2114575 0 0 3 0 0 0 0 0 -119.000000 3.000000 -119.000000 3.000000 -119.000000 3.000000 0.0 0 
2.094395
 1 137 137 p_village_14 Sumbuja 2114575 0 0 3 0 0 0 0 0 46.950000 49.390000 46.950000 49.390000 46.950000 49.390000 0.0 0 
2.268928
 1 138 138 p_village_15 Ryibelet 2114575 0 0 3 0 0 0 0 0 -49.300000 26.250000 -49.300000 26.250000 -49.300000 26.250000 0.0 0 
2.967060
 1 139 139 p_village_16 Shapeshte 2114584 0 0 3 0 0 0 0 0 74.000000 86.800000 74.000000 86.800000 74.000000 86.800000 0.0 0 
2.967060
 1 140 140 p_village_17 Mazen 2114584 0 0 3 0 0 0 0 0 42.430000 76.230000 42.430000 76.230000 42.430000 76.230000 0.0 0 
0.610865
 1 141 141 p_village_18 Ulburban 2114584 0 0 3 0 0 0 0 0 73.700000 30.100000 73.700000 30.100000 73.700000 30.100000 0.0 0 
2.967060
 1 142 142 p_village_19 Hanun 2114584 0 0 3 0 0 0 0 0 152.300000 53.500000 152.300000 53.500000 152.300000 53.500000 0.0 0 
2.967060
 1 143 143 p_village_20 Uslum 2114584 0 0 3 0 0 0 0 0 103.420000 90.450000 103.420000 90.450000 103.420000 90.450000 0.0 0 
2.967060
 1 144 144 p_village_21 Bazeck 2114584 0 0 3 0 0 0 0 0 57.030000 63.270000 57.030000 63.270000 57.030000 63.270000 0.0 0 
1.745329
 1 145 145 p_village_22 Shulus 2114584 0 0 3 0 0 0 0 0 125.400000 64.000000 125.400000 64.000000 125.400000 64.000000 0.0 0 
1.919862
 1 146 146 p_village_23 Ilvia 2114575 0 0 3 0 0 0 0 0 -143.960000 -35.800000 -143.960000 -35.800000 -143.960000 -35.800000 0.0 0 
2.094395
 1 147 147 p_village_24 Ruldi 2114575 0 0 3 0 0 0 0 0 -57.600000 -73.000000 -57.600000 -73.000000 -57.600000 -73.000000 0.0 0 
2.268928
 1 148 148 p_village_25 Dashbigha 2114575 0 0 3 0 0 0 0 0 125.690000 -14.140000 125.690000 -14.140000 125.690000 -14.140000 0.0 0 
2.967060
 1 149 149 p_village_26 Pagundur 2114575 0 0 3 0 0 0 0 0 -13.230000 3.270000 -13.230000 3.270000 -13.230000 3.270000 0.0 0 
2.967060
 1 150 150 p_village_27 Glunmar 2114575 0 0 3 0 0 0 0 0 -146.300000 -16.600000 -146.300000 -16.600000 -146.300000 -16.600000 0.0 0 
2.967060
 1 151 151 p_village_28 Tash_Kulun 2114575 0 0 3 0 0 0 0 0 113.790000 -7.270000 113.790000 -7.270000 113.790000 -7.270000 0.0 0 
2.967060
 1 152 152 p_village_29 Buillin 2114575 0 0 3 0 0 0 0 0 -66.840000 68.470000 -66.840000 68.470000 -66.840000 68.470000 0.0 0 
2.967060
 1 153 153 p_village_30 Ruvar 2114575 0 0 3 0 0 0 0 0 25.340000 115.540000 25.340000 115.540000 25.340000 115.540000 0.0 0 
2.967060
 1 154 154 p_village_31 Ambean 2114575 0 0 3 0 0 0 0 0 -22.820000 69.390000 -22.820000 69.390000 -22.820000 69.390000 0.0 0 
1.745329
 1 155 155 p_village_32 Tosdhar 2114575 0 0 3 0 0 0 0 0 -75.310000 26.680000 -75.310000 26.680000 -75.310000 26.680000 0.0 0 
1.919862
 1 156 156 p_village_33 Ruluns 2114575 0 0 3 0 0 0 0 0 -59.000000 10.600000 -59.000000 10.600000 -59.000000 10.600000 0.0 0 
2.094395
 1 157 157 p_village_34 Ehlerdah 2114575 0 0 3 0 0 0 0 0 25.700000 -16.500000 25.700000 -16.500000 25.700000 -16.500000 0.0 0 
2.268928
 1 158 158 p_village_35 Fearichen 2114575 0 0 3 0 0 0 0 0 -8.820000 85.160000 -8.820000 85.160000 -8.820000 85.160000 0.0 0 
2.967060
 1 159 159 p_village_36 Jayek 2114575 0 0 3 0 0 0 0 0 8.280000 117.140000 8.280000 117.140000 8.280000 117.140000 0.0 0 
2.967060
 1 160 160 p_village_37 Ada_Kulun 2114575 0 0 3 0 0 0 0 0 164.400000 26.000000 164.400000 26.000000 164.400000 26.000000 0.0 0 
2.967060
 1 161 161 p_village_38 Ibiran 2114575 0 0 3 0 0 0 0 0 -59.800000 -2.100000 -59.800000 -2.100000 -59.800000 -2.100000 0.0 0 
2.967060
 1 162 162 p_village_39 Reveran 2114575 0 0 3 0 0 0 0 0 -114.890000 -59.940000 -114.890000 -59.940000 -114.890000 -59.940000 0.0 0 
2.967060
 1 163 163 p_village_40 Saren 2114575 0 0 3 0 0 0 0 0 -13.080000 -52.470000 -13.080000 -52.470000 -13.080000 -52.470000 0.0 0 
2.967060
 1 164 164 p_village_41 Dugan 2114575 0 0 3 0 0 0 0 0 175.000000 -39.500000 175.000000 -39.500000 175.000000 -39.500000 0.0 0 
1.745329
 1 165 165 p_village_42 Dirigh_Aban 2114575 0 0 3 0 0 0 0 0 115.400000 21.600000 115.400000 21.600000 115.400000 21.600000 0.0 0 
1.919862
 1 166 166 p_village_43 Zagush 2114575 0 0 3 0 0 0 0 0 99.400000 -21.300000 99.400000 -21.300000 99.400000 -21.300000 0.0 0 
2.094395
 1 167 167 p_village_44 Peshmi 2114575 0 0 3 0 0 0 0 0 56.900000 -52.300000 56.900000 -52.300000 56.900000 -52.300000 0.0 0 
2.268928
 1 168 168 p_village_45 Bulugur 2114575 0 0 3 0 0 0 0 0 146.810000 -25.710000 146.810000 -25.710000 146.810000 -25.710000 0.0 0 
2.967060
 1 169 169 p_village_46 Fedner 2114575 0 0 3 0 0 0 0 0 -83.470000 -49.110000 -83.470000 -49.110000 -83.470000 -49.110000 0.0 0 
2.967060
 1 170 170 p_village_47 Epeshe 2114575 0 0 3 0 0 0 0 0 -66.110000 -53.320000 -66.110000 -53.320000 -66.110000 -53.320000 0.0 0 
2.967060
 1 171 171 p_village_48 Veidar 2114575 0 0 3 0 0 0 0 0 -103.000000 15.300000 -103.000000 15.300000 -103.000000 15.300000 0.0 0 
2.967060
 1 172 172 p_village_49 Tismirr 2114584 0 0 3 0 0 0 0 0 103.470000 64.460000 103.470000 64.460000 103.470000 64.460000 0.0 0 
0.174533
 1 173 173 p_village_50 Karindi 2114584 0 0 3 0 0 0 0 0 83.140000 67.270000 83.140000 67.270000 83.140000 67.270000 0.0 0 
2.967060
 1 174 174 p_village_51 Jelbegi 2114575 0 0 3 0 0 0 0 0 -40.000000 62.000000 -40.000000 62.000000 -40.000000 62.000000 0.0 0 
1.745329
 1 175 175 p_village_52 Amashke 2114575 0 0 3 0 0 0 0 0 48.240000 -57.600000 48.240000 -57.600000 48.240000 -57.600000 0.0 0 
1.919862
 1 176 176 p_village_53 Balanli 2114575 0 0 3 0 0 0 0 0 -110.600000 36.420000 -110.600000 36.420000 -110.600000 36.420000 0.0 0 
2.094395
 1 177 177 p_village_54 Chide 2114575 0 0 3 0 0 0 0 0 -35.720000 0.990000 -35.720000 0.990000 -35.720000 0.990000 0.0 0 
2.268928
 1 178 178 p_village_55 Tadsamesh 2114575 0 0 3 0 0 0 0 0 25.920000 3.880000 25.920000 3.880000 25.920000 3.880000 0.0 0 
2.967060
 1 179 179 p_village_56 Fenada 2114575 0 0 3 0 0 0 0 0 -6.050000 73.580000 -6.050000 73.580000 -6.050000 73.580000 0.0 0 
2.967060
 1 180 180 p_village_57 Ushkuru 2114575 0 0 3 0 0 0 0 0 24.750000 -7.700000 24.750000 -7.700000 24.750000 -7.700000 0.0 0 
2.967060
 1 181 181 p_village_58 Vezin 2114575 0 0 3 0 0 0 0 0 78.500000 118.300000 78.500000 118.300000 78.500000 118.300000 0.0 0 
2.967060
 1 182 182 p_village_59 Dumar 2114575 0 0 3 0 0 0 0 0 -85.160000 -65.050000 -85.160000 -65.050000 -85.160000 -65.050000 0.0 0 
2.967060
 1 183 183 p_village_60 Tahlberl 2114575 0 0 3 0 0 0 0 0 -10.000000 17.350000 -10.000000 17.350000 -10.000000 17.350000 0.0 0 
2.967060
 1 184 184 p_village_61 Aldelen 2114575 0 0 3 0 0 0 0 0 -106.900000 60.970000 -106.900000 60.970000 -106.900000 60.970000 0.0 0 
1.745329
 1 185 185 p_village_62 Rebache 2114575 0 0 3 0 0 0 0 0 36.700000 59.500000 36.700000 59.500000 36.700000 59.500000 0.0 0 
1.745329
 1 186 186 p_village_63 Rduna 2114575 0 0 3 0 0 0 0 0 77.680000 5.480000 77.680000 5.480000 77.680000 5.480000 0.0 0 
1.745329
 1 187 187 p_village_64 Serindiar 2114575 0 0 3 0 0 0 0 0 -53.800000 -57.370000 -53.800000 -57.370000 -53.800000 -57.370000 0.0 0 
1.745329
 1 188 188 p_village_65 Iyindah 2114575 0 0 3 0 0 0 0 0 -85.580000 12.240000 -85.580000 12.240000 -85.580000 12.240000 0.0 0 
1.745329
 1 189 189 p_village_66 Fisdnar 2114575 0 0 3 0 0 0 0 0 100.980000 127.640000 100.980000 127.640000 100.980000 127.640000 0.0 0 
1.745329
 1 190 190 p_village_67 Tebandra 2114575 0 0 3 0 0 0 0 0 56.710000 35.000000 56.710000 35.000000 56.710000 35.000000 0.0 0 
1.745329
 1 191 191 p_village_68 Ibdeles 2114575 0 0 3 0 0 0 0 0 -72.600000 -97.500000 -72.600000 -97.500000 -72.600000 -97.500000 0.0 0 
1.745329
 1 192 192 p_village_69 Kwynn 2114575 0 0 3 0 0 0 0 0 -32.140000 71.640000 -32.140000 71.640000 -32.140000 71.640000 0.0 0 
1.745329
 1 193 193 p_village_70 Dirigsene 2114575 0 0 3 0 0 0 0 0 -41.500000 -35.800000 -41.500000 -35.800000 -41.500000 -35.800000 0.0 0 
1.745329
 1 194 194 p_village_71 Tshibtin 2114575 0 0 3 0 0 0 0 0 -17.850000 -13.090000 -17.850000 -13.090000 -17.850000 -13.090000 0.0 0 
0.349066
 1 195 195 p_village_72 Elberl 2114575 0 0 3 0 0 0 0 0 -144.000000 16.150000 -144.000000 16.150000 -144.000000 16.150000 0.0 0 
1.047198
 1 196 196 p_village_73 Chaeza 2114575 0 0 3 0 0 0 0 0 -68.870000 -65.900000 -68.870000 -65.900000 -68.870000 -65.900000 0.0 0 
0.959931
 1 197 197 p_village_74 Ayyike 2114575 0 0 3 0 0 0 0 0 42.940000 29.440000 42.940000 29.440000 42.940000 29.440000 0.0 0 
0.261799
 1 198 198 p_village_75 Bhulaban 2114584 0 0 3 0 0 0 0 0 88.890000 45.240000 88.890000 45.240000 88.890000 45.240000 0.0 0 
0.174533
 1 199 199 p_village_76 Kedelke 2114575 0 0 3 0 0 0 0 0 91.500000 -34.800000 91.500000 -34.800000 91.500000 -34.800000 0.0 0 
0.610865
 1 200 200 p_village_77 Rizi 2114575 0 0 3 0 0 0 0 0 -66.760000 88.710000 -66.760000 88.710000 -66.760000 88.710000 0.0 0 
2.792527
 1 201 201 p_village_78 Sarimish 2114575 0 0 3 0 0 0 0 0 -30.200000 -53.300000 -30.200000 -53.300000 -30.200000 -53.300000 0.0 0 
3.141593
 1 202 202 p_village_79 Istiniar 2114575 0 0 3 0 0 0 0 0 -134.100000 -5.500000 -134.100000 -5.500000 -134.100000 -5.500000 0.0 0 
0.000000
 1 203 203 p_village_80 Vayejeg 2114575 0 0 3 0 0 0 0 0 -16.520000 63.880000 -16.520000 63.880000 -16.520000 63.880000 0.0 0 
0.698132
 1 204 204 p_village_81 Odasan 2114575 0 0 3 0 0 0 0 0 -17.200000 123.600000 -17.200000 123.600000 -17.200000 123.600000 0.0 0 
0.349066
 1 205 205 p_village_82 Yalibe 2114575 0 0 3 0 0 0 0 0 12.000000 -26.000000 12.000000 -26.000000 12.000000 -26.000000 0.0 0 
1.047198
 1 206 206 p_village_83 Gisim 2114575 0 0 3 0 0 0 0 0 -79.900000 55.200000 -79.900000 55.200000 -79.900000 55.200000 0.0 0 
0.959931
 1 207 207 p_village_84 Chelez 2114575 0 0 3 0 0 0 0 0 -45.600000 -83.000000 -45.600000 -83.000000 -45.600000 -83.000000 0.0 0 
0.261799
 1 208 208 p_village_85 Ismirala 2114584 0 0 3 0 0 0 0 0 22.800000 71.700000 22.800000 71.700000 22.800000 71.700000 0.0 0 
0.174533
 1 209 209 p_village_86 Slezkh 2114584 0 0 3 0 0 0 0 0 55.020000 82.650000 55.020000 82.650000 55.020000 82.650000 0.0 0 
0.610865
 1 210 210 p_village_87 Udiniad 2114575 0 0 3 0 0 0 0 0 57.350000 107.370000 57.350000 107.370000 57.350000 107.370000 0.0 0 
2.792527
 1 211 211 p_village_88 Tulbuk 2114575 0 0 3 0 0 0 0 0 135.800000 24.700000 135.800000 24.700000 135.800000 24.700000 0.0 0 
3.141593
 1 212 212 p_village_89 Uhhun 2114575 0 0 3 0 0 0 0 0 70.100000 -27.900000 70.100000 -27.900000 70.100000 -27.900000 0.0 0 
0.000000
 1 213 213 p_village_90 Jamiche 2114575 0 0 3 0 0 0 0 0 -12.700000 -85.500000 -12.700000 -85.500000 -12.700000 -85.500000 0.0 0 
0.698132
 1 214 214 p_village_91 Ayn_Assuadi 2114577 0 0 3 0 0 0 0 0 21.090000 -95.330000 21.090000 -95.330000 21.090000 -95.330000 0.0 0 
0.349066
 1 215 215 p_village_92 Dhibbain 2114577 0 0 3 0 0 0 0 0 20.540000 -111.040000 20.540000 -111.040000 20.540000 -111.040000 0.0 0 
1.047198
 1 216 216 p_village_93 Qalyut 2114577 0 0 3 0 0 0 0 0 50.000000 -94.800000 50.000000 -94.800000 50.000000 -94.800000 0.0 0 
0.959931
 1 217 217 p_village_94 Mazigh 2114577 0 0 3 0 0 0 0 0 90.320000 -83.100000 90.320000 -83.100000 90.320000 -83.100000 0.0 0 
0.261799
 1 218 218 p_village_95 Tamnuh 2114577 0 0 3 0 0 0 0 0 99.000000 -90.500000 99.000000 -90.500000 99.000000 -90.500000 0.0 0 
0.174533
 1 219 219 p_village_96 Habba 2114577 0 0 3 0 0 0 0 0 116.130000 -83.320000 116.130000 -83.320000 116.130000 -83.320000 0.0 0 
0.610865
 1 220 220 p_village_97 Sekhtem 2114577 0 0 3 0 0 0 0 0 88.270000 -72.630000 88.270000 -72.630000 88.270000 -72.630000 0.0 0 
2.792527
 1 221 221 p_village_98 Mawiti 2114577 0 0 3 0 0 0 0 0 114.400000 -56.230000 114.400000 -56.230000 114.400000 -56.230000 0.0 0 
3.141593
 1 222 222 p_village_99 Fishara 2114577 0 0 3 0 0 0 0 0 157.270000 -96.250000 157.270000 -96.250000 157.270000 -96.250000 0.0 0 
0.000000
 1 223 223 p_village_100 Iqbayl 2114577 0 0 3 0 0 0 0 0 147.590000 -103.610000 147.590000 -103.610000 147.590000 -103.610000 0.0 0 
0.698132
 1 224 224 p_village_101 Uzgha 2114577 0 0 3 0 0 0 0 0 154.000000 -69.500000 154.000000 -69.500000 154.000000 -69.500000 0.0 0 
0.349066
 1 225 225 p_village_102 Shibal_Zumr 2114577 0 0 3 0 0 0 0 0 77.300000 -85.010000 77.300000 -85.010000 77.300000 -85.010000 0.0 0 
1.047198
 1 226 226 p_village_103 Mijayet 2114577 0 0 3 0 0 0 0 0 132.100000 -100.340000 132.100000 -100.340000 132.100000 -100.340000 0.0 0 
0.959931
 1 227 227 p_village_104 Tazjunat 2114577 0 0 3 0 0 0 0 0 143.090000 -66.510000 143.090000 -66.510000 143.090000 -66.510000 0.0 0 
0.261799
 1 228 228 p_village_105 Aab 2114577 0 0 3 0 0 0 0 0 143.100000 -80.500000 143.100000 -80.500000 143.100000 -80.500000 0.0 0 
0.174533
 1 229 229 p_village_106 Hawaha 2114577 0 0 3 0 0 0 0 0 6.920000 -97.270000 6.920000 -97.270000 6.920000 -97.270000 0.0 0 
0.610865
 1 230 230 p_village_107 Unriya 2114577 0 0 3 0 0 0 0 0 167.380000 -90.060000 167.380000 -90.060000 167.380000 -90.060000 0.0 0 
2.792527
 1 231 231 p_village_108 Mit_Nun 2114577 0 0 3 0 0 0 0 0 28.420000 -102.100000 28.420000 -102.100000 28.420000 -102.100000 0.0 0 
3.141593
 1 232 232 p_village_109 Tilimsal 2114577 0 0 3 0 0 0 0 0 94.000000 -106.860000 94.000000 -106.860000 94.000000 -106.860000 0.0 0 
0.000000
 1 233 233 p_village_110 Rushdigh 2114577 0 0 3 0 0 0 0 0 36.330000 -107.330000 36.330000 -107.330000 36.330000 -107.330000 0.0 0 
0.698132
 1 234 234 p_village_111 Culmarr 2114575 0 0 3 0 0 0 0 0 -91.590000 -27.330000 -91.590000 -27.330000 -91.590000 -27.330000 0.0 0 
1.745329
 1 235 235 p_village_112 Malayurg 2114575 0 0 3 0 0 0 0 0 92.290000 -9.280000 92.290000 -9.280000 92.290000 -9.280000 0.0 0 
2.967060
 1 236 236 p_village_113 Bulugha 2114575 0 0 3 0 0 0 0 0 42.870000 111.150000 42.870000 111.150000 42.870000 111.150000 0.0 0 
2.792527
 1 237 237 p_village_114 Radoghir 2114575 0 0 3 0 0 0 0 0 26.790000 52.600000 26.790000 52.600000 26.790000 52.600000 0.0 0 
2.268928
 1 238 238 p_village_115 Tehlrog 2114575 0 0 3 0 0 0 0 0 -4.240000 57.830000 -4.240000 57.830000 -4.240000 57.830000 0.0 0 
0.698132
 1 239 239 p_village_116 Tilbaut 2114575 0 0 3 0 0 0 0 0 32.360000 13.260000 32.360000 13.260000 32.360000 13.260000 0.0 0 
2.967060
 1 240 240 p_village_117 Sungetche 2114584 0 0 3 0 0 0 0 0 108.330000 49.130000 108.330000 49.130000 108.330000 49.130000 0.0 0 
0.174533
 1 241 241 p_village_118 Jeirbe 2114584 0 0 3 0 0 0 0 0 44.480000 90.280000 44.480000 90.280000 44.480000 90.280000 0.0 0 
0.610865
 1 242 242 p_village_119 Alburq 2114575 0 0 3 0 0 0 0 0 26.390000 98.510000 26.390000 98.510000 26.390000 98.510000 0.0 0 
2.967060
 1 243 243 p_village_120 Curin 2114575 0 0 3 0 0 0 0 0 -26.520000 76.820000 -26.520000 76.820000 -26.520000 76.820000 0.0 0 
1.745329
 1 244 244 p_village_121 Chalbek 2114575 0 0 3 0 0 0 0 0 -90.710000 110.450000 -90.710000 110.450000 -90.710000 110.450000 0.0 0 
2.967060
 1 245 245 p_village_122 Kelredan 2114575 0 0 3 0 0 0 0 0 -26.400000 30.000000 -26.400000 30.000000 -26.400000 30.000000 0.0 0 
2.268928
 1 246 246 p_village_123 Maras 2114575 0 0 3 0 0 0 0 0 -123.660000 -30.090000 -123.660000 -30.090000 -123.660000 -30.090000 0.0 0 
2.967060
 1 247 247 p_village_124 Ergellon 2114575 0 0 3 0 0 0 0 0 -58.650000 -30.580000 -58.650000 -30.580000 -58.650000 -30.580000 0.0 0 
2.967060
 1 248 248 p_village_125 Almerra 2114575 0 0 3 0 0 0 0 0 -1.420000 -60.540000 -1.420000 -60.540000 -1.420000 -60.540000 0.0 0 
2.967060
 1 249 249 p_village_126 Distar 2114575 0 0 3 0 0 0 0 0 149.740000 -4.560000 149.740000 -4.560000 149.740000 -4.560000 0.0 0 
2.967060
 1 250 250 p_village_127 Yruma 2114584 0 0 3 0 0 0 0 0 64.970000 55.130000 64.970000 55.130000 64.970000 55.130000 0.0 0 
2.967060
 1 251 251 p_village_128 Derchios 2114575 0 0 3 0 0 0 0 0 8.620000 14.570000 8.620000 14.570000 8.620000 14.570000 0.0 0 
1.919862
 1 252 252 p_village_129 Unuzdaq 2114575 0 0 3 0 0 0 0 0 37.890000 -68.780000 37.890000 -68.780000 37.890000 -68.780000 0.0 0 
1.919862
 1 253 253 p_village_130 Tevarin 2114575 0 0 3 0 0 0 0 0 -129.780000 41.100000 -129.780000 41.100000 -129.780000 41.100000 0.0 0 
2.094395
 1 254 254 p_village_131 Reindi 2114575 0 0 3 0 0 0 0 0 25.900000 -30.000000 25.900000 -30.000000 25.900000 -30.000000 0.0 0 
2.268928
 1 255 255 p_village_132 Senuzgda 2114575 0 0 3 0 0 0 0 0 0.990000 -5.620000 0.990000 -5.620000 0.990000 -5.620000 0.0 0 
1.745329
 1 256 256 p_village_133 Rindyar 2114575 0 0 3 0 0 0 0 0 76.800000 -17.100000 76.800000 -17.100000 76.800000 -17.100000 0.0 0 
1.745329
 1 257 257 p_village_134 Vyincourd 2114575 0 0 3 0 0 0 0 0 -71.000000 -10.100000 -71.000000 -10.100000 -71.000000 -10.100000 0.0 0 
1.745329
 1 258 258 p_village_135 Etrosq 2114575 0 0 3 0 0 0 0 0 -101.120000 -53.900000 -101.120000 -53.900000 -101.120000 -53.900000 0.0 0 
2.967060
 1 259 259 p_village_136 Hrus 2114575 0 0 3 0 0 0 0 0 -78.360000 81.750000 -78.360000 81.750000 -78.360000 81.750000 0.0 0 
2.792527
 1 260 260 p_village_137 Dramug 2114575 0 0 3 0 0 0 0 0 63.410000 21.380000 63.410000 21.380000 63.410000 21.380000 0.0 0 
1.745329
 1 261 261 p_village_138 Jameyyed 2114577 0 0 3 0 0 0 0 0 75.340000 -60.660000 75.340000 -60.660000 75.340000 -60.660000 0.0 0 
0.261799
 1 262 262 p_village_139 Teramma 2114577 0 0 3 0 0 0 0 0 78.720000 -101.100000 78.720000 -101.100000 78.720000 -101.100000 0.0 0 
1.047198
 1 263 263 p_village_140 Sharwa 2114577 0 0 3 0 0 0 0 0 160.100000 -60.660000 160.100000 -60.660000 160.100000 -60.660000 0.0 0 
0.261799
 1 264 264 p_village_141 Weyyah 2114577 0 0 3 0 0 0 0 0 6.910000 -83.180000 6.910000 -83.180000 6.910000 -83.180000 0.0 0 
0.610865
 1 265 265 p_village_142 Bardaq 2114577 0 0 3 0 0 0 0 0 151.590000 -87.410000 151.590000 -87.410000 151.590000 -87.410000 0.0 0 
2.792527
 1 266 266 p_village_143 Striplam 2114575 0 0 3 0 0 0 0 0 -87.220000 35.840000 -87.220000 35.840000 -87.220000 35.840000 0.0 0 
2.094395
 1 267 267 p_village_144 Plexcane 2114575 0 0 3 0 0 0 0 0 -125.660000 29.270000 -125.660000 29.270000 -125.660000 29.270000 0.0 0 
1.745329
 1 268 268 p_village_145 Lafind 2114575 0 0 3 0 0 0 0 0 -133.580000 19.340000 -133.580000 19.340000 -133.580000 19.340000 0.0 0 
2.967060
 1 269 269 p_village_146 Inchlam 2114584 0 0 3 0 0 0 0 0 73.500000 97.020000 73.500000 97.020000 73.500000 97.020000 0.0 0 
2.967060
 1 270 270 p_village_147 Viatexon 2114584 0 0 3 0 0 0 0 0 117.430000 109.660000 117.430000 109.660000 117.430000 109.660000 0.0 0 
1.745329
 1 271 271 p_village_148 Latronfan 2114584 0 0 3 0 0 0 0 0 117.170000 93.920000 117.170000 93.920000 117.170000 93.920000 0.0 0 
1.919862
 1 272 272 p_village_149 Matdam 2114575 0 0 3 0 0 0 0 0 151.660000 18.190000 151.660000 18.190000 151.660000 18.190000 0.0 0 
2.094395
 1 273 273 p_village_150 Unoity 2114575 0 0 3 0 0 0 0 0 145.230000 2.520000 145.230000 2.520000 145.230000 2.520000 0.0 0 
2.268928
 1 274 274 p_village_151 Sailtom 2114575 0 0 3 0 0 0 0 0 -108.080000 91.160000 -108.080000 91.160000 -108.080000 91.160000 0.0 0 
1.745329
 1 275 275 p_village_152 Reddrill 2114575 0 0 3 0 0 0 0 0 -95.440000 71.800000 -95.440000 71.800000 -95.440000 71.800000 0.0 0 
1.745329
 1 276 276 p_village_153 Saodox 2114575 0 0 3 0 0 0 0 0 -94.840000 81.000000 -94.840000 81.000000 -94.840000 81.000000 0.0 0 
2.967060
 1 277 277 p_village_154 Lotredla 2114575 0 0 3 0 0 0 0 0 -21.810000 -82.860000 -21.810000 -82.860000 -21.810000 -82.860000 0.0 0 
2.967060
 1 278 278 p_village_155 Sumcan 2114575 0 0 3 0 0 0 0 0 -52.790000 -87.340000 -52.790000 -87.340000 -52.790000 -87.340000 0.0 0 
2.967060
 1 279 279 p_village_156 Mathin 2114575 0 0 3 0 0 0 0 0 -53.390000 -103.680000 -53.390000 -103.680000 -53.390000 -103.680000 0.0 0 
2.792527
 1 280 280 p_village_157 Ganjatax 2114577 0 0 3 0 0 0 0 0 45.050000 -115.370000 45.050000 -115.370000 45.050000 -115.370000 0.0 0 
1.745329
 1 281 281 p_village_158 Freeity 2114577 0 0 3 0 0 0 0 0 81.000000 -114.290000 81.000000 -114.290000 81.000000 -114.290000 0.0 0 
2.967060
 1 282 282 p_village_159 Opehot 2114577 0 0 3 0 0 0 0 0 59.210000 -103.720000 59.210000 -103.720000 59.210000 -103.720000 0.0 0 
2.792527
 1 283 283 p_village_160 Trislane 2114575 0 0 3 0 0 0 0 0 -74.060000 2.590000 -74.060000 2.590000 -74.060000 2.590000 0.0 0 
2.967060
 1 284 284 p_village_161 Whitesonin 2114584 0 0 3 0 0 0 0 0 59.900000 48.540000 59.900000 48.540000 59.900000 48.540000 0.0 0 
0.610865
 1 285 285 p_village_162 Acehatin 2114575 0 0 3 0 0 0 0 0 172.840000 -21.720000 172.840000 -21.720000 172.840000 -21.720000 0.0 0 
0.000000
 1 286 286 p_village_163 Stamcore 2114575 0 0 3 0 0 0 0 0 -59.700000 107.800000 -59.700000 107.800000 -59.700000 107.800000 0.0 0 
0.349066
 1 287 287 p_salt_mine {!}Salt_Mine 2114831 0 0 3 0 0 0 0 0 14.200000 -31.000000 14.200000 -31.000000 14.200000 -31.000000 0.0 0 
0.000000
 1 288 288 p_four_ways_inn {!}Four_Ways_Inn 2114831 0 0 3 0 0 0 0 0 4.800000 -39.600000 4.800000 -39.600000 4.800000 -39.600000 0.0 0 
0.000000
 1 289 289 p_test_scene {!}test_scene 2114831 0 0 3 0 0 0 0 0 10.800000 -19.600000 10.800000 -19.600000 10.800000 -19.600000 0.0 0 
0.000000
 1 290 290 p_battlefields {!}battlefields 2114831 0 0 3 0 0 0 0 0 10.800000 -16.600000 10.800000 -16.600000 10.800000 -16.600000 0.0 0 
0.000000
 1 291 291 p_dhorak_keep {!}Dhorak_Keep 2639116 0 0 3 0 0 0 0 0 -50.000000 -45.000000 -50.000000 -45.000000 -50.000000 -45.000000 0.0 0 
0.000000
 1 292 292 p_training_ground Training_Ground 2114855 0 0 3 0 0 0 0 0 3.000000 -7.000000 3.000000 -7.000000 3.000000 -7.000000 0.0 0 
0.000000
 1 293 293 p_training_ground_1 Training_Field 2118695 0 0 3 0 0 0 0 0 37.400000 102.800000 37.400000 102.800000 37.400000 102.800000 0.0 0 
1.745329
 1 294 294 p_training_ground_2 Training_Field 2118695 0 0 3 0 0 0 0 0 -12.800000 33.000000 -12.800000 33.000000 -12.800000 33.000000 0.0 0 
1.745329
 1 295 295 p_training_ground_3 Training_Field 2118695 0 0 3 0 0 0 0 0 70.500000 72.000000 70.500000 72.000000 70.500000 72.000000 0.0 0 
1.745329
 1 296 296 p_training_ground_4 Training_Field 2118695 0 0 3 0 0 0 0 0 11.500000 -75.200000 11.500000 -75.200000 11.500000 -75.200000 0.0 0 
1.745329
 1 297 297 p_training_ground_5 Training_Field 2118695 0 0 3 0 0 0 0 0 -126.200000 24.940000 -126.200000 24.940000 -126.200000 24.940000 0.0 0 
1.745329
 1 298 298 p_bridge_1 {!}1 541738 0 0 3 0 0 0 0 0 39.370000 65.100000 39.370000 65.100000 39.370000 65.100000 0.0 0 
-0.781907
 1 299 299 p_bridge_2 {!}2 541738 0 0 3 0 0 0 0 0 56.440000 77.880000 56.440000 77.880000 56.440000 77.880000 0.0 0 
0.074700
 1 300 300 p_bridge_3 {!}3 541738 0 0 3 0 0 0 0 0 70.870000 87.950000 70.870000 87.950000 70.870000 87.950000 0.0 0 
1.125737
 1 301 301 p_bridge_4 {!}4 541738 0 0 3 0 0 0 0 0 93.710000 62.130000 93.710000 62.130000 93.710000 62.130000 0.0 0 
-0.037176
 1 302 302 p_bridge_5 {!}5 541738 0 0 3 0 0 0 0 0 11.020000 72.610000 11.020000 72.610000 11.020000 72.610000 0.0 0 
0.375246
 1 303 303 p_bridge_6 {!}6 541737 0 0 3 0 0 0 0 0 -8.830000 52.240000 -8.830000 52.240000 -8.830000 52.240000 0.0 0 
-1.282817
 1 304 304 p_bridge_7 {!}7 541737 0 0 3 0 0 0 0 0 -29.790000 76.840000 -29.790000 76.840000 -29.790000 76.840000 0.0 0 
-1.117011
 1 305 305 p_bridge_8 {!}8 541737 0 0 3 0 0 0 0 0 -64.050000 -6.000000 -64.050000 -6.000000 -64.050000 -6.000000 0.0 0 
0.030020
 1 306 306 p_bridge_9 {!}9 541737 0 0 3 0 0 0 0 0 -64.950000 -9.600000 -64.950000 -9.600000 -64.950000 -9.600000 0.0 0 
-0.589223
 1 307 307 p_bridge_10 {!}10 541737 0 0 3 0 0 0 0 0 -75.320000 -75.270000 -75.320000 -75.270000 -75.320000 -75.270000 0.0 0 
-0.769167
 1 308 308 p_bridge_11 {!}11 541736 0 0 3 0 0 0 0 0 -24.390000 67.820000 -24.390000 67.820000 -24.390000 67.820000 0.0 0 
1.418953
 1 309 309 p_bridge_12 {!}12 541736 0 0 3 0 0 0 0 0 -114.330000 -1.940000 -114.330000 -1.940000 -114.330000 -1.940000 0.0 0 
-0.619592
 1 310 310 p_bridge_13 {!}13 541736 0 0 3 0 0 0 0 0 -18.240000 -37.210000 -18.240000 -37.210000 -18.240000 -37.210000 0.0 0 
-0.308923
 1 311 311 p_bridge_14 {!}14 541736 0 0 3 0 0 0 0 0 -23.360000 75.800000 -23.360000 75.800000 -23.360000 75.800000 0.0 0 
1.162389
 1 312 312 p_bridge_15 {!}15 541736 0 0 3 0 0 0 0 0 -70.720000 100.180000 -70.720000 100.180000 -70.720000 100.180000 0.0 0 
1.902409
 1 313 313 p_bridge_16 {!}16 541736 0 0 3 0 0 0 0 0 -42.030000 114.510000 -42.030000 114.510000 -42.030000 114.510000 0.0 0 
1.466077
 1 314 314 p_bridge_17 {!}17 541736 0 0 3 0 0 0 0 0 17.760000 -32.350000 17.760000 -32.350000 17.760000 -32.350000 0.0 0 
1.466077
 1 315 315 p_looter_spawn_point {!}looter_sp 1280 0 0 2 0 0 0 0 0 26.000000 77.000000 26.000000 77.000000 26.000000 77.000000 0.0 1 145 15 0 0 
0.000000
 1 316 316 p_forest_bandit_spawn_point the_forests 1280 0 0 2 0 0 0 0 0 -35.000000 18.000000 -35.000000 18.000000 -35.000000 18.000000 0.0 1 145 15 0 0 
0.000000
 1 317 317 p_taiga_bandit_spawn_point the_tundra 1280 0 0 2 0 0 0 0 0 78.000000 84.000000 78.000000 84.000000 78.000000 84.000000 0.0 1 145 15 0 0 
0.000000
 1 318 318 p_steppe_bandit_spawn_point the_steppes 1280 0 0 2 0 0 0 0 0 125.000000 9.000000 125.000000 9.000000 125.000000 9.000000 0.0 1 145 15 0 0 
0.000000
 1 319 319 p_sea_raider_spawn_point_1 the_coast 1280 0 0 2 0 0 0 0 0 13.500000 91.100000 13.500000 91.100000 13.500000 91.100000 0.0 1 145 15 0 0 
0.000000
 1 320 320 p_sea_raider_spawn_point_2 the_coast 1280 0 0 2 0 0 0 0 0 37.740000 113.960000 37.740000 113.960000 37.740000 113.960000 0.0 1 145 15 0 0 
0.000000
 1 321 321 p_mountain_bandit_spawn_point the_highlands 1280 0 0 2 0 0 0 0 0 -90.000000 -26.800000 -90.000000 -26.800000 -90.000000 -26.800000 0.0 1 145 15 0 0 
0.000000
 1 322 322 p_desert_bandit_spawn_point the_deserts 1280 0 0 2 0 0 0 0 0 110.000000 -100.000000 110.000000 -100.000000 110.000000 -100.000000 0.0 1 145 15 0 0 
0.000000
 1 323 323 p_spawn_points_end {!}last_spawn_point 1280 0 0 1 0 0 0 0 0 0.000000 0.000000 0.000000 0.000000 0.000000 0.000000 0.0 1 145 15 0 0 
0.000000
 1 324 324 p_reserved_1 {!}last_spawn_point 1280 0 0 1 0 0 0 0 0 0.000000 0.000000 0.000000 0.000000 0.000000 0.000000 0.0 1 145 15 0 0 
0.000000
 1 325 325 p_reserved_2 {!}last_spawn_point 1280 0 0 1 0 0 0 0 0 0.000000 0.000000 0.000000 0.000000 0.000000 0.000000 0.0 1 145 15 0 0 
0.000000
 1 326 326 p_reserved_3 {!}last_spawn_point 1280 0 0 1 0 0 0 0 0 0.000000 0.000000 0.000000 0.000000 0.000000 0.000000 0.0 1 145 15 0 0 
0.000000
 1 327 327 p_reserved_4 {!}last_spawn_point 1280 0 0 1 0 0 0 0 0 0.000000 0.000000 0.000000 0.000000 0.000000 0.000000 0.0 1 145 15 0 0 
0.000000
 1 328 328 p_reserved_5 {!}last_spawn_point 1280 0 0 1 0 0 0 0 0 0.000000 0.000000 0.000000 0.000000 0.000000 0.000000 0.0 1 145 15 0 0 
0.000000
