6
2
6
4
3
2
2
2
6
6
7
6
5
6
11
11
3
17
3
10
1755
12
325
119
23
55
96
7
2
16
27
6
6
2
3
2
3
2
2
2
8
31
187
6
2
7
21
12
2
3
11
11
10
10
9
5
9
11
7
8
31
2
4
7
2
5
11
51
60
7
2
2
2
3
3
4
16
4
2
20
19
2
5
2
2
13
5
6
6
7
100
7
6
5
5
2
2
4
15
25
6
2
2
3
6
2
10
5
2
5
4
17
9
4
11
3
6
17
2
4
3
4
4
4
2
2
9
2
3
5
15
4
8
35
2
2
43
2
2
6
4
2
2
3
4
19
2
5
3
5
2
173
3
3
17
18
11
11
11
12
4
2
19
3
2
8
4
18
4
2
6
5
5
5
9
4
9
3
3
10
15
7
201
2
5
2
4
2
2
2
16
4
2
5
2
6
5
5
5
5
5
25
2
2
4
6
3
3
2
6
2
3
3
4
4
4
23
17
4
2
2
2
3
3
3
3
2
9
10
3
2
2
2
3
5
26
3
2
3
7
5
5
9
526
18
2
318
2
2
76
9
18
5
45
23
16
25
16
13
4
18
6
3
3
15
4
12
12
4
3
2
16
7
3
72
40
6
10
6
5
23
29
5
2
7
4
2
3
2
2
2
9
2
2
2
3
4
3
2
3
6
7
7
10
21
3
13
3
3
4
2
44
9
4
2
13
2
2
5
7
4
3
3
2
3
2
7
2
2
3
9
5
2
3
9
11
5
3
2
2
12
3
5
5
2
5
4
17
5
5
5
5
5
5
5
2
4
7
2
2
2
6
5
9
671
2
2
12
2
20
5
64
4
502
3
2
2
2
5
5
3
4
3
4
2
151
2
2
3
2
2
2
2
19
17
6
2
2
3
33
23
33
19
3
6
3
3
3
10
4
9
11
5
7
2
13
6
6
3
3
2
2
3
6
18
17
5
10
12
5
3
8
2
2
2
2
2
2
6
3
13
2
2
2
2
2
2
2
2
2
6
25
3
3
3
3
3
2
14
2
2
2
2
2
2
2
9
2
2
2
2
2
2
11
292
9
3
17
9
2
2
21
2
2
3
3
2
2
2
9
13
38
36
9
5
36
10
7
12
3
2
2
2
10
4
13
3
14
11
6
8
2
4
11
11
11
8
8
8
8
8
8
7
7
7
2
2
2
2
2
2
2
2
2
3
4
2
3
6
10
7
8
3
9
9
29
29
28
29
29
28
7
7
7
7
7
7
12
5
12
5
12
5
12
5
12
5
12
5
7
6
7
3
7
3
3
3
8
6
9
20
2
9
4
28
4
8
27
4
72
15
24
27
7
46
42
50
6
6
6
12
23
13
25
18
7
13
31
4
8
44
4
4
4
7
4
7
7
7
7
15
4
4
4
27
59
36
7
7
2
3
4
4
7
3
7
3
4
3
2
2
4
15
7
7
7
7
7
7
7
7
7
4
4
8
2
2
2
2
18
3
3
3
3
3
3
3
3
3
6
5
5
2
2
2
2
2
40
24
7
4
2
5
2
2
5
5
19
13
14
8
6
5
2
4
3
4
4
4
5
5
7
5
5
5
4
4
5
4
4
4
2
15
4
4
4
4
4
4
2
3
4
4
3
3
5
2
4
3
3
4
4
3
3
2
4
4
2
2
5
3
4
11
7
4
4
3
3
3
3
3
3
3
4
4
3
3
3
3
3
3
4
4
3
3
3
3
4
4
3
3
3
3
4
4
3
3
3
3
4
4
3
3
15
3
6
6
6
6
6
6
6
6
6
20
20
20
20
20
20
20
20
20
19
19
19
19
19
19
19
19
19
2
14
5
5
5
5
14
5
5
5
5
14
5
5
5
5
14
5
5
5
5
14
5
5
5
5
14
5
5
5
5
14
5
5
5
5
14
5
5
5
5
14
5
5
5
5
10
8
8
8
5
5
5
5
3
3
3
3
3
3
3
8
4
4
4
8
4
4
4
8
4
4
4
6
8
9
8
10
5
5
5
6
6
7
5
3
3
3
3
7
7
7
6
4
4
3
3
4
3
7
3
2
6
2
4
3
4
12
15
4
32
5
49
3
73
3
3
3
3
3
72
14
1
32
35
3
8
7
4
2
3
2
3
6
2
2
2
3
34
15
22
22
4
4
11
8
19
19
27
27
19
9
7
7
7
7
7
6
23
10
9
5
5
7
13
12
12
2
2
20
150
31
5
12
3
10
2
2
12
12
8
8
19
36
33
9
3
3
2
9
10
11
10
28
18
6
4
9
3
2
2
2
2
2
2
3
5
2
4
2
4
7
2
2
12
2
2
3
9
31
3
4
6
5
7
2
4
4
7
3
3
3
16
13
4
4
5
4
2
6
6
5
2
3
7
2
5
3
3
10
2
3
3
2
3
2
2
2
2
5
5
8
7
2
3
28
3
5
2
3
2
3
2
2
2
2
2
3
30
2
5
3
2
2
1
2
116
35
3
2
2
2
2
3
2
3
2
2
10
12
12
9
3
3
3
3
2
14
3
11
5
5
3
3
32
4
2
3
2
