partiesfile version 1
273 273
 1 0 0 p_main_party Main_Party 00000000000001048576 0 0 14 0 0 0 0 0 17.000000 52.500000 17.000000 52.500000 17.000000 52.500000 0.0 1 0 1 0 0 
0.000000
 1 1 1 p_temp_party {!}temp_party 00000000000000000256 0 0 1 0 0 0 0 0 0.000000 0.000000 0.000000 0.000000 0.000000 0.000000 0.0 0 
0.000000
 1 2 2 p_camp_bandits {!}camp_bandits 00000000000000000256 0 0 2 0 0 0 0 0 1.000000 1.000000 1.000000 1.000000 1.000000 1.000000 0.0 1 3 3 0 0 
0.000000
 1 3 3 p_temp_party_2 {!}temp_party_2 00000000000000000256 0 0 1 0 0 0 0 0 0.000000 0.000000 0.000000 0.000000 0.000000 0.000000 0.0 0 
0.000000
 1 4 4 p_temp_casualties {!}casualties 00000000000000000256 0 0 3 0 0 0 0 0 1.000000 1.000000 1.000000 1.000000 1.000000 1.000000 0.0 0 
0.000000
 1 5 5 p_temp_casualties_2 {!}casualties 00000000000000000256 0 0 3 0 0 0 0 0 1.000000 1.000000 1.000000 1.000000 1.000000 1.000000 0.0 0 
0.000000
 1 6 6 p_temp_casualties_3 {!}casualties 00000000000000000256 0 0 3 0 0 0 0 0 1.000000 1.000000 1.000000 1.000000 1.000000 1.000000 0.0 0 
0.000000
 1 7 7 p_temp_wounded {!}enemies_wounded 00000000000000000256 0 0 3 0 0 0 0 0 1.000000 1.000000 1.000000 1.000000 1.000000 1.000000 0.0 0 
0.000000
 1 8 8 p_temp_killed {!}enemies_killed 00000000000000000256 0 0 3 0 0 0 0 0 1.000000 1.000000 1.000000 1.000000 1.000000 1.000000 0.0 0 
0.000000
 1 9 9 p_main_party_backup {!}_ 00000000000000000256 0 0 3 0 0 0 0 0 1.000000 1.000000 1.000000 1.000000 1.000000 1.000000 0.0 0 
0.000000
 1 10 10 p_encountered_party_backup {!}_ 00000000000000000256 0 0 3 0 0 0 0 0 1.000000 1.000000 1.000000 1.000000 1.000000 1.000000 0.0 0 
0.000000
 1 11 11 p_collective_friends_backup {!}_ 00000000000000000256 0 0 3 0 0 0 0 0 1.000000 1.000000 1.000000 1.000000 1.000000 1.000000 0.0 0 
0.000000
 1 12 12 p_player_casualties {!}_ 00000000000000000256 0 0 3 0 0 0 0 0 1.000000 1.000000 1.000000 1.000000 1.000000 1.000000 0.0 0 
0.000000
 1 13 13 p_enemy_casualties {!}_ 00000000000000000256 0 0 3 0 0 0 0 0 1.000000 1.000000 1.000000 1.000000 1.000000 1.000000 0.0 0 
0.000000
 1 14 14 p_ally_casualties {!}_ 00000000000000000256 0 0 3 0 0 0 0 0 1.000000 1.000000 1.000000 1.000000 1.000000 1.000000 0.0 0 
0.000000
 1 15 15 p_collective_enemy {!}collective_enemy 00000000000000000256 0 0 3 0 0 0 0 0 1.000000 1.000000 1.000000 1.000000 1.000000 1.000000 0.0 0 
0.000000
 1 16 16 p_collective_ally {!}collective_ally 00000000000000000256 0 0 3 0 0 0 0 0 1.000000 1.000000 1.000000 1.000000 1.000000 1.000000 0.0 0 
0.000000
 1 17 17 p_collective_friends {!}collective_ally 00000000000000000256 0 0 3 0 0 0 0 0 1.000000 1.000000 1.000000 1.000000 1.000000 1.000000 0.0 0 
0.000000
 1 18 18 p_total_enemy_casualties {!}_ 00000000000000000256 0 0 3 0 0 0 0 0 1.000000 1.000000 1.000000 1.000000 1.000000 1.000000 0.0 0 
0.000000
 1 19 19 p_routed_enemies {!}routed_enemies 00000000000000000256 0 0 3 0 0 0 0 0 1.000000 1.000000 1.000000 1.000000 1.000000 1.000000 0.0 0 
0.000000
 1 20 20 p_zendar Zendar 00000000000002114828 0 0 3 0 0 0 0 0 18.000000 60.000000 18.000000 60.000000 18.000000 60.000000 0.0 0 
0.000000
 1 21 21 p_town_1 T1 00000000000004220101 0 0 3 0 0 0 0 0 -155.858414 9.542456 -155.858414 9.542456 -155.858414 9.542456 0.0 0 
2.967060
 1 22 22 p_town_2 T2 00000000000004220101 0 0 3 0 0 0 0 0 54.051567 45.386799 54.051567 45.386799 54.051567 45.386799 0.0 0 
2.094395
 1 23 23 p_town_3 T3 00000000000004220101 0 0 3 0 0 0 0 0 -33.082989 16.303053 -33.082989 16.303053 -33.082989 16.303053 0.0 0 
1.396263
 1 24 24 p_town_4 T4 00000000000004220101 0 0 3 0 0 0 0 0 -43.584339 -4.750474 -43.584339 -4.750474 -43.584339 -4.750474 0.0 0 
5.061455
 1 25 25 p_town_5 T5 00000000000004220101 0 0 3 0 0 0 0 0 -40.114635 27.146111 -40.114635 27.146111 -40.114635 27.146111 0.0 0 
1.570796
 1 26 26 p_town_6 T6 00000000000004220101 0 0 3 0 0 0 0 0 16.032106 -5.570555 16.032106 -5.570555 16.032106 -5.570555 0.0 0 
2.705260
 1 27 27 p_town_7 T7 00000000000004220101 0 0 3 0 0 0 0 0 -6.615783 -3.414066 -6.615783 -3.414066 -6.615783 -3.414066 0.0 0 
4.188790
 1 28 28 p_town_8 T8 00000000000004220101 0 0 3 0 0 0 0 0 75.472702 32.582150 75.472702 32.582150 75.472702 32.582150 0.0 0 
3.054326
 1 29 29 p_town_9 T9 00000000000004220101 0 0 3 0 0 0 0 0 62.411224 8.138440 62.411224 8.138440 62.411224 8.138440 0.0 0 
1.570796
 1 30 30 p_town_10 T10 00000000000004220101 0 0 3 0 0 0 0 0 -5.867482 -19.084377 -5.867482 -19.084377 -5.867482 -19.084377 0.0 0 
5.410521
 1 31 31 p_town_11 T11 00000000000004220101 0 0 3 0 0 0 0 0 -21.214033 45.750755 -21.214033 45.750755 -21.214033 45.750755 0.0 0 
2.617994
 1 32 32 p_town_12 T12 00000000000004220101 0 0 3 0 0 0 0 0 5.940010 38.494740 5.940010 38.494740 5.940010 38.494740 0.0 0 
0.436332
 1 33 33 p_town_13 T13 00000000000004220101 0 0 3 0 0 0 0 0 49.510281 -13.414716 49.510281 -13.414716 49.510281 -13.414716 0.0 0 
1.047198
 1 34 34 p_town_14 T14 00000000000004220101 0 0 3 0 0 0 0 0 -45.500000 -30.000000 -45.500000 -30.000000 -45.500000 -30.000000 0.0 0 
2.356194
 1 35 35 p_town_15 T15 00000000000004220101 0 0 3 0 0 0 0 0 15.949708 17.537022 15.949708 17.537022 15.949708 17.537022 0.0 0 
0.785398
 1 36 36 p_town_16 T16 00000000000004220101 0 0 3 0 0 0 0 0 -10.795593 12.189776 -10.795593 12.189776 -10.795593 12.189776 0.0 0 
0.000000
 1 37 37 p_town_17 T17 00000000000004220101 0 0 3 0 0 0 0 0 15.794355 -63.624023 15.794355 -63.624023 15.794355 -63.624023 0.0 0 
1.570796
 1 38 38 p_town_18 T18 00000000000004220101 0 0 3 0 0 0 0 0 -22.000000 -52.500000 -22.000000 -52.500000 -22.000000 -52.500000 0.0 0 
2.356194
 1 39 39 p_town_19 T19 00000000000004220101 0 0 3 0 0 0 0 0 109.863670 -49.695805 109.863670 -49.695805 109.863670 -49.695805 0.0 0 
0.785398
 1 40 40 p_town_20 T20 00000000000004220101 0 0 3 0 0 0 0 0 7.973656 5.943705 7.973656 5.943705 7.973656 5.943705 0.0 0 
4.712389
 1 41 41 p_town_21 T21 00000000000004220101 0 0 3 0 0 0 0 0 62.278839 82.214050 62.278839 82.214050 62.278839 82.214050 0.0 0 
5.759586
 1 42 42 p_town_22 T22 00000000000004220101 0 0 3 0 0 0 0 0 -13.426761 -32.525593 -13.426761 -32.525593 -13.426761 -32.525593 0.0 0 
3.926991
 1 43 43 p_castle_1 C1 00000000000004215838 0 0 3 0 0 0 0 0 23.945360 54.955315 23.945360 54.955315 23.945360 54.955315 0.0 0 
0.872665
 1 44 44 p_castle_2 C2 00000000000004215839 0 0 3 0 0 0 0 0 -22.318502 -17.310759 -22.318502 -17.310759 -22.318502 -17.310759 0.0 0 
1.308997
 1 45 45 p_castle_3 C3 00000000000004215838 0 0 3 0 0 0 0 0 35.748920 13.540809 35.748920 13.540809 35.748920 13.540809 0.0 0 
1.745329
 1 46 46 p_castle_4 C4 00000000000004215840 0 0 3 0 0 0 0 0 68.687950 -36.108109 68.687950 -36.108109 68.687950 -36.108109 0.0 0 
3.141593
 1 47 47 p_castle_5 C5 00000000000004215840 0 0 3 0 0 0 0 0 71.427544 52.121090 71.427544 52.121090 71.427544 52.121090 0.0 0 
1.570796
 1 48 48 p_castle_6 C6 00000000000004215838 0 0 3 0 0 0 0 0 71.082634 13.176561 71.082634 13.176561 71.082634 13.176561 0.0 0 
0.959931
 1 49 49 p_castle_7 C7 00000000000004215843 0 0 3 0 0 0 0 0 -65.500000 -79.500000 -65.500000 -79.500000 -65.500000 -79.500000 0.0 0 
0.785398
 1 50 50 p_castle_8 C8 00000000000004215838 0 0 3 0 0 0 0 0 85.042572 18.923254 85.042572 18.923254 85.042572 18.923254 0.0 0 
0.523599
 1 51 51 p_castle_9 C9 00000000000004215838 0 0 3 0 0 0 0 0 -108.715096 -51.538731 -108.715096 -51.538731 -108.715096 -51.538731 0.0 0 
1.745329
 1 52 52 p_castle_10 C10 00000000000004215840 0 0 3 0 0 0 0 0 80.615395 -25.715488 80.615395 -25.715488 80.615395 -25.715488 0.0 0 
1.919862
 1 53 53 p_castle_11 C11 00000000000004215838 0 0 3 0 0 0 0 0 93.625160 -35.050228 93.625160 -35.050228 93.625160 -35.050228 0.0 0 
1.308997
 1 54 54 p_castle_12 C12 00000000000004215839 0 0 3 0 0 0 0 0 -25.365374 -42.239513 -25.365374 -42.239513 -25.365374 -42.239513 0.0 0 
1.658063
 1 55 55 p_castle_13 C13 00000000000004215838 0 0 3 0 0 0 0 0 27.219109 -3.059971 27.219109 -3.059971 27.219109 -3.059971 0.0 0 
2.007129
 1 56 56 p_castle_14 C14 00000000000004215840 0 0 3 0 0 0 0 0 -61.168671 39.420574 -61.168671 39.420574 -61.168671 39.420574 0.0 0 
1.570796
 1 57 57 p_castle_15 C15 00000000000004215838 0 0 3 0 0 0 0 0 89.197243 83.721298 89.197243 83.721298 89.197243 83.721298 0.0 0 
4.101524
 1 58 58 p_castle_16 C16 00000000000004215840 0 0 3 0 0 0 0 0 -9.365623 31.359573 -9.365623 31.359573 -9.365623 31.359573 0.0 0 
0.785398
 1 59 59 p_castle_17 C17 00000000000004215838 0 0 3 0 0 0 0 0 -14.389521 -8.396807 -14.389521 -8.396807 -14.389521 -8.396807 0.0 0 
0.261799
 1 60 60 p_castle_18 C18 00000000000004215843 0 0 3 0 0 0 0 0 40.747231 5.045403 40.747231 5.045403 40.747231 5.045403 0.0 0 
5.235988
 1 61 61 p_castle_19 C19 00000000000004215843 0 0 3 0 0 0 0 0 70.339775 2.373746 70.339775 2.373746 70.339775 2.373746 0.0 0 
4.886922
 1 62 62 p_castle_20 C20 00000000000004215838 0 0 3 0 0 0 0 0 14.200559 -36.235027 14.200559 -36.235027 14.200559 -36.235027 0.0 0 
4.537856
 1 63 63 p_castle_21 C21 00000000000004215838 0 0 3 0 0 0 0 0 7.921700 53.984360 7.921700 53.984360 7.921700 53.984360 0.0 0 
4.537856
 1 64 64 p_castle_22 C22 00000000000004215838 0 0 3 0 0 0 0 0 -23.471018 -32.599148 -23.471018 -32.599148 -23.471018 -32.599148 0.0 0 
4.537856
 1 65 65 p_castle_23 C23 00000000000004215838 0 0 3 0 0 0 0 0 -45.065636 -10.636576 -45.065636 -10.636576 -45.065636 -10.636576 0.0 0 
1.396263
 1 66 66 p_castle_24 C24 00000000000004215838 0 0 3 0 0 0 0 0 -21.309958 -1.993744 -21.309958 -1.993744 -21.309958 -1.993744 0.0 0 
4.537856
 1 67 67 p_castle_25 C25 00000000000004215838 0 0 3 0 0 0 0 0 25.181032 71.465897 25.181032 71.465897 25.181032 71.465897 0.0 0 
4.537856
 1 68 68 p_castle_26 C26 00000000000004215838 0 0 3 0 0 0 0 0 11.841996 11.878212 11.841996 11.878212 11.841996 11.878212 0.0 0 
4.537856
 1 69 69 p_castle_27 C27 00000000000004215838 0 0 3 0 0 0 0 0 -10.051650 -6.852228 -10.051650 -6.852228 -10.051650 -6.852228 0.0 0 
4.537856
 1 70 70 p_castle_28 C28 00000000000004215838 0 0 3 0 0 0 0 0 18.476252 103.313736 18.476252 103.313736 18.476252 103.313736 0.0 0 
4.537856
 1 71 71 p_castle_29 C29 00000000000004215843 0 0 3 0 0 0 0 0 79.699997 -85.400002 79.699997 -85.400002 79.699997 -85.400002 0.0 0 
4.886922
 1 72 72 p_castle_30 C30 00000000000004215841 0 0 3 0 0 0 0 0 25.414892 -19.550920 25.414892 -19.550920 25.414892 -19.550920 0.0 0 
4.537856
 1 73 73 p_castle_31 C31 00000000000004215838 0 0 3 0 0 0 0 0 8.773120 -5.419148 8.773120 -5.419148 8.773120 -5.419148 0.0 0 
4.537856
 1 74 74 p_castle_32 C32 00000000000004215838 0 0 3 0 0 0 0 0 -7.419369 -47.073315 -7.419369 -47.073315 -7.419369 -47.073315 0.0 0 
4.537856
 1 75 75 p_castle_33 C33 00000000000004215838 0 0 3 0 0 0 0 0 -62.385628 93.838577 -62.385628 93.838577 -62.385628 93.838577 0.0 0 
1.396263
 1 76 76 p_castle_34 C34 00000000000004215838 0 0 3 0 0 0 0 0 -44.206493 -60.030262 -44.206493 -60.030262 -44.206493 -60.030262 0.0 0 
4.537856
 1 77 77 p_castle_35 C35 00000000000004215838 0 0 3 0 0 0 0 0 37.651081 -7.343920 37.651081 -7.343920 37.651081 -7.343920 0.0 0 
4.537856
 1 78 78 p_castle_36 C36 00000000000004215838 0 0 3 0 0 0 0 0 -19.060995 -70.387093 -19.060995 -70.387093 -19.060995 -70.387093 0.0 0 
4.537856
 1 79 79 p_castle_37 C37 00000000000004215840 0 0 3 0 0 0 0 0 66.209602 -17.135303 66.209602 -17.135303 66.209602 -17.135303 0.0 0 
4.537856
 1 80 80 p_castle_38 C38 00000000000004215841 0 0 3 0 0 0 0 0 -58.327820 -35.433685 -58.327820 -35.433685 -58.327820 -35.433685 0.0 0 
4.537856
 1 81 81 p_castle_39 C39 00000000000004215843 0 0 3 0 0 0 0 0 -38.656738 -9.554837 -38.656738 -9.554837 -38.656738 -9.554837 0.0 0 
4.886922
 1 82 82 p_castle_40 C40 00000000000004215841 0 0 3 0 0 0 0 0 95.061295 69.767738 95.061295 69.767738 95.061295 69.767738 0.0 0 
4.537856
 1 83 83 p_castle_41 C41 00000000000004215841 0 0 3 0 0 0 0 0 -6.216395 -59.482803 -6.216395 -59.482803 -6.216395 -59.482803 0.0 0 
4.537856
 1 84 84 p_castle_42 C42 00000000000004215841 0 0 3 0 0 0 0 0 75.631760 -7.021946 75.631760 -7.021946 75.631760 -7.021946 0.0 0 
1.396263
 1 85 85 p_castle_43 C43 00000000000004215841 0 0 3 0 0 0 0 0 138.325348 -73.408516 138.325348 -73.408516 138.325348 -73.408516 0.0 0 
4.537856
 1 86 86 p_castle_44 C44 00000000000004215841 0 0 3 0 0 0 0 0 69.444275 -7.326901 69.444275 -7.326901 69.444275 -7.326901 0.0 0 
4.537856
 1 87 87 p_castle_45 C45 00000000000004215841 0 0 3 0 0 0 0 0 75.133690 -19.293476 75.133690 -19.293476 75.133690 -19.293476 0.0 0 
4.537856
 1 88 88 p_castle_46 C46 00000000000004215841 0 0 3 0 0 0 0 0 53.713539 -44.271790 53.713539 -44.271790 53.713539 -44.271790 0.0 0 
4.537856
 1 89 89 p_castle_47 C47 00000000000004215841 0 0 3 0 0 0 0 0 71.174805 -27.017359 71.174805 -27.017359 71.174805 -27.017359 0.0 0 
4.537856
 1 90 90 p_castle_48 C48 00000000000004215841 0 0 3 0 0 0 0 0 45.564610 41.061268 45.564610 41.061268 45.564610 41.061268 0.0 0 
4.537856
 1 91 91 p_castle_49 C49 00000000000004215838 0 0 3 0 0 0 0 0 -2.554812 39.302155 -2.554812 39.302155 -2.554812 39.302155 0.0 0 
1.745329
 1 92 92 p_castle_50 C50 00000000000004215838 0 0 3 0 0 0 0 0 6.371228 -36.662472 6.371228 -36.662472 6.371228 -36.662472 0.0 0 
1.919862
 1 93 93 p_castle_51 C51 00000000000004215838 0 0 3 0 0 0 0 0 -31.502539 34.737183 -31.502539 34.737183 -31.502539 34.737183 0.0 0 
1.308997
 1 94 94 p_castle_52 C52 00000000000004215838 0 0 3 0 0 0 0 0 7.325089 -15.082723 7.325089 -15.082723 7.325089 -15.082723 0.0 0 
1.658063
 1 95 95 p_castle_53 C53 00000000000004215838 0 0 3 0 0 0 0 0 29.920008 -44.647060 29.920008 -44.647060 29.920008 -44.647060 0.0 0 
2.007129
 1 96 96 p_castle_54 C54 00000000000004215843 0 0 3 0 0 0 0 0 77.393013 16.405622 77.393013 16.405622 77.393013 16.405622 0.0 0 
1.570796
 1 97 97 p_castle_55 C55 00000000000004215843 0 0 3 0 0 0 0 0 73.092178 -32.506294 73.092178 -32.506294 73.092178 -32.506294 0.0 0 
4.101524
 1 98 98 p_castle_56 C56 00000000000004215838 0 0 3 0 0 0 0 0 -34.185738 21.865068 -34.185738 21.865068 -34.185738 21.865068 0.0 0 
4.537856
 1 99 99 p_castle_57 C57 00000000000004215838 0 0 3 0 0 0 0 0 91.065666 -28.792686 91.065666 -28.792686 91.065666 -28.792686 0.0 0 
4.537856
 1 100 100 p_castle_58 C58 00000000000004215840 0 0 3 0 0 0 0 0 -41.553699 -76.097656 -41.553699 -76.097656 -41.553699 -76.097656 0.0 0 
4.537856
 1 101 101 p_castle_59 C59 00000000000004215838 0 0 3 0 0 0 0 0 19.442320 77.643471 19.442320 77.643471 19.442320 77.643471 0.0 0 
4.886922
 1 102 102 p_castle_60 C60 00000000000004215840 0 0 3 0 0 0 0 0 -25.715227 54.918594 -25.715227 54.918594 -25.715227 54.918594 0.0 0 
4.537856
 1 103 103 p_castle_61 C61 00000000000004215840 0 0 3 0 0 0 0 0 -40.675877 76.856659 -40.675877 76.856659 -40.675877 76.856659 0.0 0 
1.396263
 1 104 104 p_castle_62 C62 00000000000004215841 0 0 3 0 0 0 0 0 49.704369 67.846176 49.704369 67.846176 49.704369 67.846176 0.0 0 
4.537856
 1 105 105 p_castle_63 C63 00000000000004215841 0 0 3 0 0 0 0 0 -63.421654 28.670670 -63.421654 28.670670 -63.421654 28.670670 0.0 0 
4.537856
 1 106 106 p_castle_64 C64 00000000000004215841 0 0 3 0 0 0 0 0 86.437256 126.275253 86.437256 126.275253 86.437256 126.275253 0.0 0 
4.537856
 1 107 107 p_village_1 V1 00000000000002114575 0 0 3 0 0 0 0 0 13.986811 -0.584838 13.986811 -0.584838 13.986811 -0.584838 0.0 0 
1.745329
 1 108 108 p_village_2 V2 00000000000002114575 0 0 3 0 0 0 0 0 14.976894 -18.261520 14.976894 -18.261520 14.976894 -18.261520 0.0 0 
1.919862
 1 109 109 p_village_3 V3 00000000000002114575 0 0 3 0 0 0 0 0 -27.138771 44.148293 -27.138771 44.148293 -27.138771 44.148293 0.0 0 
2.094395
 1 110 110 p_village_4 V4 00000000000002114575 0 0 3 0 0 0 0 0 17.389112 66.443436 17.389112 66.443436 17.389112 66.443436 0.0 0 
2.268928
 1 111 111 p_village_5 V5 00000000000002114575 0 0 3 0 0 0 0 0 94.794205 101.907799 94.794205 101.907799 94.794205 101.907799 0.0 0 
2.967060
 1 112 112 p_village_6 V6 00000000000002114575 0 0 3 0 0 0 0 0 -25.930973 -59.449142 -25.930973 -59.449142 -25.930973 -59.449142 0.0 0 
1.745329
 1 113 113 p_village_7 V7 00000000000002114575 0 0 3 0 0 0 0 0 -6.940110 33.765038 -6.940110 33.765038 -6.940110 33.765038 0.0 0 
1.919862
 1 114 114 p_village_8 V8 00000000000002114575 0 0 3 0 0 0 0 0 98.383797 -33.118977 98.383797 -33.118977 98.383797 -33.118977 0.0 0 
2.094395
 1 115 115 p_village_9 V9 00000000000002114575 0 0 3 0 0 0 0 0 0.985603 45.259144 0.985603 45.259144 0.985603 45.259144 0.0 0 
2.268928
 1 116 116 p_village_10 V10 00000000000002114575 0 0 3 0 0 0 0 0 141.065430 -84.477600 141.065430 -84.477600 141.065430 -84.477600 0.0 0 
2.967060
 1 117 117 p_village_11 V11 00000000000002114575 0 0 3 0 0 0 0 0 30.203663 6.888500 30.203663 6.888500 30.203663 6.888500 0.0 0 
1.745329
 1 118 118 p_village_12 V12 00000000000002114575 0 0 3 0 0 0 0 0 -55.757660 62.421165 -55.757660 62.421165 -55.757660 62.421165 0.0 0 
1.919862
 1 119 119 p_village_13 V13 00000000000002114575 0 0 3 0 0 0 0 0 9.082262 33.398026 9.082262 33.398026 9.082262 33.398026 0.0 0 
2.094395
 1 120 120 p_village_14 V14 00000000000002114575 0 0 3 0 0 0 0 0 -1.984308 5.233908 -1.984308 5.233908 -1.984308 5.233908 0.0 0 
2.268928
 1 121 121 p_village_15 V15 00000000000002114575 0 0 3 0 0 0 0 0 8.483315 -64.425011 8.483315 -64.425011 8.483315 -64.425011 0.0 0 
2.967060
 1 122 122 p_village_16 V16 00000000000002114584 0 0 3 0 0 0 0 0 -7.705903 103.912537 -7.705903 103.912537 -7.705903 103.912537 0.0 0 
2.967060
 1 123 123 p_village_17 V17 00000000000002114584 0 0 3 0 0 0 0 0 -57.270313 15.260967 -57.270313 15.260967 -57.270313 15.260967 0.0 0 
0.610865
 1 124 124 p_village_18 V18 00000000000002114584 0 0 3 0 0 0 0 0 -39.503983 -40.723301 -39.503983 -40.723301 -39.503983 -40.723301 0.0 0 
2.967060
 1 125 125 p_village_19 V19 00000000000002114584 0 0 3 0 0 0 0 0 -3.747560 -37.021301 -3.747560 -37.021301 -3.747560 -37.021301 0.0 0 
2.967060
 1 126 126 p_village_20 V20 00000000000002114584 0 0 3 0 0 0 0 0 56.235291 10.033067 56.235291 10.033067 56.235291 10.033067 0.0 0 
2.967060
 1 127 127 p_village_21 V21 00000000000002114584 0 0 3 0 0 0 0 0 -22.187820 -10.127110 -22.187820 -10.127110 -22.187820 -10.127110 0.0 0 
1.745329
 1 128 128 p_village_22 V22 00000000000002114584 0 0 3 0 0 0 0 0 -73.454239 -69.623985 -73.454239 -69.623985 -73.454239 -69.623985 0.0 0 
1.919862
 1 129 129 p_village_23 V23 00000000000002114575 0 0 3 0 0 0 0 0 11.885890 28.392855 11.885890 28.392855 11.885890 28.392855 0.0 0 
2.094395
 1 130 130 p_village_24 V24 00000000000002114575 0 0 3 0 0 0 0 0 34.893066 1.737903 34.893066 1.737903 34.893066 1.737903 0.0 0 
2.268928
 1 131 131 p_village_25 V25 00000000000002114575 0 0 3 0 0 0 0 0 -44.066750 42.332584 -44.066750 42.332584 -44.066750 42.332584 0.0 0 
2.967060
 1 132 132 p_village_26 V26 00000000000002114575 0 0 3 0 0 0 0 0 48.617340 55.433022 48.617340 55.433022 48.617340 55.433022 0.0 0 
2.967060
 1 133 133 p_village_27 V27 00000000000002114575 0 0 3 0 0 0 0 0 -32.575241 47.774090 -32.575241 47.774090 -32.575241 47.774090 0.0 0 
2.967060
 1 134 134 p_village_28 V28 00000000000002114575 0 0 3 0 0 0 0 0 -37.932194 2.823776 -37.932194 2.823776 -37.932194 2.823776 0.0 0 
2.967060
 1 135 135 p_village_29 V29 00000000000002114575 0 0 3 0 0 0 0 0 63.599998 33.900002 63.599998 33.900002 63.599998 33.900002 0.0 0 
2.967060
 1 136 136 p_village_30 V30 00000000000002114575 0 0 3 0 0 0 0 0 82.199234 -11.487936 82.199234 -11.487936 82.199234 -11.487936 0.0 0 
2.967060
 1 137 137 p_village_31 V31 00000000000002114575 0 0 3 0 0 0 0 0 -23.418577 66.885574 -23.418577 66.885574 -23.418577 66.885574 0.0 0 
1.745329
 1 138 138 p_village_32 V32 00000000000002114575 0 0 3 0 0 0 0 0 -27.294464 1.491630 -27.294464 1.491630 -27.294464 1.491630 0.0 0 
1.919862
 1 139 139 p_village_33 V33 00000000000002114575 0 0 3 0 0 0 0 0 -52.873512 24.026558 -52.873512 24.026558 -52.873512 24.026558 0.0 0 
2.094395
 1 140 140 p_village_34 V34 00000000000002114575 0 0 3 0 0 0 0 0 33.624157 38.205547 33.624157 38.205547 33.624157 38.205547 0.0 0 
2.268928
 1 141 141 p_village_35 V35 00000000000002114575 0 0 3 0 0 0 0 0 13.039277 7.320295 13.039277 7.320295 13.039277 7.320295 0.0 0 
2.967060
 1 142 142 p_village_36 V36 00000000000002114575 0 0 3 0 0 0 0 0 -6.593534 11.849396 -6.593534 11.849396 -6.593534 11.849396 0.0 0 
2.967060
 1 143 143 p_village_37 V37 00000000000002114575 0 0 3 0 0 0 0 0 -9.747649 -28.938772 -9.747649 -28.938772 -9.747649 -28.938772 0.0 0 
2.967060
 1 144 144 p_village_38 V38 00000000000002114575 0 0 3 0 0 0 0 0 93.271950 82.553520 93.271950 82.553520 93.271950 82.553520 0.0 0 
2.967060
 1 145 145 p_village_39 V39 00000000000002114575 0 0 3 0 0 0 0 0 50.639744 122.065598 50.639744 122.065598 50.639744 122.065598 0.0 0 
2.967060
 1 146 146 p_village_40 V40 00000000000002114575 0 0 3 0 0 0 0 0 -33.144913 83.564117 -33.144913 83.564117 -33.144913 83.564117 0.0 0 
2.967060
 1 147 147 p_village_41 V41 00000000000002114575 0 0 3 0 0 0 0 0 -28.388014 -35.414536 -28.388014 -35.414536 -28.388014 -35.414536 0.0 0 
1.745329
 1 148 148 p_village_42 V42 00000000000002114575 0 0 3 0 0 0 0 0 24.025015 -31.059727 24.025015 -31.059727 24.025015 -31.059727 0.0 0 
1.919862
 1 149 149 p_village_43 V43 00000000000002114575 0 0 3 0 0 0 0 0 -59.934883 23.547853 -59.934883 23.547853 -59.934883 23.547853 0.0 0 
2.094395
 1 150 150 p_village_44 V44 00000000000002114575 0 0 3 0 0 0 0 0 82.061905 27.671003 82.061905 27.671003 82.061905 27.671003 0.0 0 
2.268928
 1 151 151 p_village_45 V45 00000000000002114575 0 0 3 0 0 0 0 0 -164.547134 -0.856049 -164.547134 -0.856049 -164.547134 -0.856049 0.0 0 
2.967060
 1 152 152 p_village_46 V46 00000000000002114575 0 0 3 0 0 0 0 0 -57.296368 46.098705 -57.296368 46.098705 -57.296368 46.098705 0.0 0 
2.967060
 1 153 153 p_village_47 V47 00000000000002114575 0 0 3 0 0 0 0 0 -11.733351 66.137421 -11.733351 66.137421 -11.733351 66.137421 0.0 0 
2.967060
 1 154 154 p_village_48 V48 00000000000002114575 0 0 3 0 0 0 0 0 84.934807 13.458939 84.934807 13.458939 84.934807 13.458939 0.0 0 
2.967060
 1 155 155 p_village_49 V49 00000000000002114584 0 0 3 0 0 0 0 0 -48.250912 32.999588 -48.250912 32.999588 -48.250912 32.999588 0.0 0 
0.174533
 1 156 156 p_village_50 V50 00000000000002114584 0 0 3 0 0 0 0 0 -25.854393 8.782099 -25.854393 8.782099 -25.854393 8.782099 0.0 0 
2.967060
 1 157 157 p_village_51 V51 00000000000002114575 0 0 3 0 0 0 0 0 -15.868336 -41.736450 -15.868336 -41.736450 -15.868336 -41.736450 0.0 0 
1.745329
 1 158 158 p_village_52 V52 00000000000002114575 0 0 3 0 0 0 0 0 69.808815 44.289391 69.808815 44.289391 69.808815 44.289391 0.0 0 
1.919862
 1 159 159 p_village_53 V53 00000000000002114575 0 0 3 0 0 0 0 0 -28.361261 26.659353 -28.361261 26.659353 -28.361261 26.659353 0.0 0 
2.094395
 1 160 160 p_village_54 V54 00000000000002114575 0 0 3 0 0 0 0 0 46.948883 31.965567 46.948883 31.965567 46.948883 31.965567 0.0 0 
2.268928
 1 161 161 p_village_55 V55 00000000000002114575 0 0 3 0 0 0 0 0 82.415268 0.311194 82.415268 0.311194 82.415268 0.311194 0.0 0 
2.967060
 1 162 162 p_village_56 V56 00000000000002114575 0 0 3 0 0 0 0 0 80.297981 88.603874 80.297981 88.603874 80.297981 88.603874 0.0 0 
2.967060
 1 163 163 p_village_57 V57 00000000000002114575 0 0 3 0 0 0 0 0 48.093536 -7.868196 48.093536 -7.868196 48.093536 -7.868196 0.0 0 
2.967060
 1 164 164 p_village_58 V58 00000000000002114575 0 0 3 0 0 0 0 0 25.806204 -77.054710 25.806204 -77.054710 25.806204 -77.054710 0.0 0 
2.967060
 1 165 165 p_village_59 V59 00000000000002114575 0 0 3 0 0 0 0 0 -37.502819 32.746773 -37.502819 32.746773 -37.502819 32.746773 0.0 0 
2.967060
 1 166 166 p_village_60 V60 00000000000002114575 0 0 3 0 0 0 0 0 50.144806 -18.946857 50.144806 -18.946857 50.144806 -18.946857 0.0 0 
2.967060
 1 167 167 p_village_61 V61 00000000000002114575 0 0 3 0 0 0 0 0 72.124756 -39.569580 72.124756 -39.569580 72.124756 -39.569580 0.0 0 
1.745329
 1 168 168 p_village_62 V62 00000000000002114575 0 0 3 0 0 0 0 0 20.773756 17.727154 20.773756 17.727154 20.773756 17.727154 0.0 0 
1.745329
 1 169 169 p_village_63 V63 00000000000002114575 0 0 3 0 0 0 0 0 42.780602 -13.021272 42.780602 -13.021272 42.780602 -13.021272 0.0 0 
1.745329
 1 170 170 p_village_64 V64 00000000000002114575 0 0 3 0 0 0 0 0 -58.959904 34.698093 -58.959904 34.698093 -58.959904 34.698093 0.0 0 
1.745329
 1 171 171 p_village_65 V65 00000000000002114575 0 0 3 0 0 0 0 0 -21.416296 16.517817 -21.416296 16.517817 -21.416296 16.517817 0.0 0 
1.745329
 1 172 172 p_village_66 V66 00000000000002114575 0 0 3 0 0 0 0 0 -42.474564 -34.888248 -42.474564 -34.888248 -42.474564 -34.888248 0.0 0 
1.745329
 1 173 173 p_village_67 V67 00000000000002114575 0 0 3 0 0 0 0 0 64.190506 -23.369427 64.190506 -23.369427 64.190506 -23.369427 0.0 0 
1.745329
 1 174 174 p_village_68 V68 00000000000002114575 0 0 3 0 0 0 0 0 77.526031 39.732609 77.526031 39.732609 77.526031 39.732609 0.0 0 
1.745329
 1 175 175 p_village_69 V69 00000000000002114575 0 0 3 0 0 0 0 0 84.545982 36.787354 84.545982 36.787354 84.545982 36.787354 0.0 0 
1.745329
 1 176 176 p_village_70 V70 00000000000002114575 0 0 3 0 0 0 0 0 16.975904 90.949837 16.975904 90.949837 16.975904 90.949837 0.0 0 
1.745329
 1 177 177 p_village_71 V71 00000000000002114575 0 0 3 0 0 0 0 0 -64.096481 54.484814 -64.096481 54.484814 -64.096481 54.484814 0.0 0 
0.349066
 1 178 178 p_village_72 V72 00000000000002114575 0 0 3 0 0 0 0 0 99.466286 77.893440 99.466286 77.893440 99.466286 77.893440 0.0 0 
1.047198
 1 179 179 p_village_73 V73 00000000000002114575 0 0 3 0 0 0 0 0 -10.397835 -11.560438 -10.397835 -11.560438 -10.397835 -11.560438 0.0 0 
0.959931
 1 180 180 p_village_74 V74 00000000000002114575 0 0 3 0 0 0 0 0 -9.432088 54.311123 -9.432088 54.311123 -9.432088 54.311123 0.0 0 
0.261799
 1 181 181 p_village_75 V75 00000000000002114584 0 0 3 0 0 0 0 0 27.987637 18.408760 27.987637 18.408760 27.987637 18.408760 0.0 0 
0.174533
 1 182 182 p_village_76 V76 00000000000002114575 0 0 3 0 0 0 0 0 -15.338352 4.967332 -15.338352 4.967332 -15.338352 4.967332 0.0 0 
0.610865
 1 183 183 p_village_77 V77 00000000000002114575 0 0 3 0 0 0 0 0 -14.695111 -17.414562 -14.695111 -17.414562 -14.695111 -17.414562 0.0 0 
2.792527
 1 184 184 p_village_78 V78 00000000000002114575 0 0 3 0 0 0 0 0 29.667833 -13.066205 29.667833 -13.066205 29.667833 -13.066205 0.0 0 
3.141593
 1 185 185 p_village_79 V79 00000000000002114575 0 0 3 0 0 0 0 0 99.438248 73.302437 99.438248 73.302437 99.438248 73.302437 0.0 0 
0.000000
 1 186 186 p_village_80 V80 00000000000002114575 0 0 3 0 0 0 0 0 96.394279 94.538628 96.394279 94.538628 96.394279 94.538628 0.0 0 
0.698132
 1 187 187 p_village_81 V81 00000000000002114575 0 0 3 0 0 0 0 0 40.883091 111.632042 40.883091 111.632042 40.883091 111.632042 0.0 0 
0.349066
 1 188 188 p_village_82 V82 00000000000002114575 0 0 3 0 0 0 0 0 -66.270988 47.423443 -66.270988 47.423443 -66.270988 47.423443 0.0 0 
1.047198
 1 189 189 p_village_83 V83 00000000000002114575 0 0 3 0 0 0 0 0 -15.775229 -26.110603 -15.775229 -26.110603 -15.775229 -26.110603 0.0 0 
0.959931
 1 190 190 p_village_84 V84 00000000000002114575 0 0 3 0 0 0 0 0 44.114105 86.781082 44.114105 86.781082 44.114105 86.781082 0.0 0 
0.261799
 1 191 191 p_village_85 V85 00000000000002114584 0 0 3 0 0 0 0 0 16.587269 32.444195 16.587269 32.444195 16.587269 32.444195 0.0 0 
0.174533
 1 192 192 p_village_86 V86 00000000000002114584 0 0 3 0 0 0 0 0 108.712570 40.608925 108.712570 40.608925 108.712570 40.608925 0.0 0 
0.610865
 1 193 193 p_village_87 V87 00000000000002114575 0 0 3 0 0 0 0 0 41.192635 -81.794006 41.192635 -81.794006 41.192635 -81.794006 0.0 0 
2.792527
 1 194 194 p_village_88 V88 00000000000002114575 0 0 3 0 0 0 0 0 -51.984100 -19.272642 -51.984100 -19.272642 -51.984100 -19.272642 0.0 0 
3.141593
 1 195 195 p_village_89 V89 00000000000002114575 0 0 3 0 0 0 0 0 -49.973904 -2.226740 -49.973904 -2.226740 -49.973904 -2.226740 0.0 0 
0.000000
 1 196 196 p_village_90 V90 00000000000002114575 0 0 3 0 0 0 0 0 -117.300095 -33.983337 -117.300095 -33.983337 -117.300095 -33.983337 0.0 0 
0.698132
 1 197 197 p_village_91 V91 00000000000002114577 0 0 3 0 0 0 0 0 70.599998 26.299999 70.599998 26.299999 70.599998 26.299999 0.0 0 
0.349066
 1 198 198 p_village_92 V92 00000000000002114577 0 0 3 0 0 0 0 0 2.500000 28.600000 2.500000 28.600000 2.500000 28.600000 0.0 0 
1.047198
 1 199 199 p_village_93 V93 00000000000002114577 0 0 3 0 0 0 0 0 -20.000000 98.800003 -20.000000 98.800003 -20.000000 98.800003 0.0 0 
0.959931
 1 200 200 p_village_94 V94 00000000000002114577 0 0 3 0 0 0 0 0 110.399994 28.650000 110.399994 28.650000 110.399994 28.650000 0.0 0 
0.261799
 1 201 201 p_village_95 V95 00000000000002114577 0 0 3 0 0 0 0 0 5.000000 -27.500000 5.000000 -27.500000 5.000000 -27.500000 0.0 0 
0.174533
 1 202 202 p_village_96 V96 00000000000002114577 0 0 3 0 0 0 0 0 112.000000 -66.000000 112.000000 -66.000000 112.000000 -66.000000 0.0 0 
0.610865
 1 203 203 p_village_97 V97 00000000000002114577 0 0 3 0 0 0 0 0 128.300003 -11.799999 128.300003 -11.799999 128.300003 -11.799999 0.0 0 
2.792527
 1 204 204 p_village_98 V98 00000000000002114577 0 0 3 0 0 0 0 0 53.700001 -80.199997 53.700001 -80.199997 53.700001 -80.199997 0.0 0 
3.141593
 1 205 205 p_village_99 V99 00000000000002114577 0 0 3 0 0 0 0 0 59.349998 15.000000 59.349998 15.000000 59.349998 15.000000 0.0 0 
0.000000
 1 206 206 p_village_100 V100 00000000000002114577 0 0 3 0 0 0 0 0 -18.000000 -40.500000 -18.000000 -40.500000 -18.000000 -40.500000 0.0 0 
0.698132
 1 207 207 p_village_101 V101 00000000000002114577 0 0 3 0 0 0 0 0 23.000000 43.500000 23.000000 43.500000 23.000000 43.500000 0.0 0 
0.349066
 1 208 208 p_village_102 V102 00000000000002114577 0 0 3 0 0 0 0 0 -15.200001 -90.000000 -15.200001 -90.000000 -15.200001 -90.000000 0.0 0 
1.047198
 1 209 209 p_village_103 V103 00000000000002114577 0 0 3 0 0 0 0 0 -23.700001 -91.400002 -23.700001 -91.400002 -23.700001 -91.400002 0.0 0 
0.959931
 1 210 210 p_village_104 V104 00000000000002114577 0 0 3 0 0 0 0 0 108.000000 -36.500000 108.000000 -36.500000 108.000000 -36.500000 0.0 0 
0.261799
 1 211 211 p_village_105 V105 00000000000002114577 0 0 3 0 0 0 0 0 -161.000000 21.500000 -161.000000 21.500000 -161.000000 21.500000 0.0 0 
0.174533
 1 212 212 p_village_106 V106 00000000000002114577 0 0 3 0 0 0 0 0 -121.300003 -27.000000 -121.300003 -27.000000 -121.300003 -27.000000 0.0 0 
0.610865
 1 213 213 p_village_107 V107 00000000000002114577 0 0 3 0 0 0 0 0 121.599998 59.000000 121.599998 59.000000 121.599998 59.000000 0.0 0 
2.792527
 1 214 214 p_village_108 V108 00000000000002114577 0 0 3 0 0 0 0 0 126.800003 -73.300003 126.800003 -73.300003 126.800003 -73.300003 0.0 0 
3.141593
 1 215 215 p_village_109 V109 00000000000002114577 0 0 3 0 0 0 0 0 50.000000 92.500000 50.000000 92.500000 50.000000 92.500000 0.0 0 
0.000000
 1 216 216 p_village_110 V110 00000000000002114577 0 0 3 0 0 0 0 0 1.900000 114.500000 1.900000 114.500000 1.900000 114.500000 0.0 0 
0.698132
 1 217 217 p_salt_mine Salt_Mine 00000000000002114831 0 0 3 0 0 0 0 0 14.200000 -31.000000 14.200000 -31.000000 14.200000 -31.000000 0.0 0 
0.000000
 1 218 218 p_four_ways_inn Four_Ways_Inn 00000000000002114831 0 0 3 0 0 0 0 0 4.800000 -39.599998 4.800000 -39.599998 4.800000 -39.599998 0.0 0 
0.000000
 1 219 219 p_test_scene test_scene 00000000000002114831 0 0 3 0 0 0 0 0 10.800000 -19.600000 10.800000 -19.600000 10.800000 -19.600000 0.0 0 
0.000000
 1 220 220 p_battlefields battlefields 00000000000002114831 0 0 3 0 0 0 0 0 10.800000 -16.600000 10.800000 -16.600000 10.800000 -16.600000 0.0 0 
0.000000
 1 221 221 p_dhorak_keep Dhorak_Keep 00000000000002639116 0 0 3 0 0 0 0 0 9.233375 -121.299583 9.233375 -121.299583 9.233375 -121.299583 0.0 0 
0.000000
 1 222 222 p_training_ground Training_Ground 00000000000002114855 0 0 3 0 0 0 0 0 3.000000 -7.000000 3.000000 -7.000000 3.000000 -7.000000 0.0 0 
0.000000
 1 223 223 p_training_ground_1 Training_Field 00000000000002118695 0 0 3 0 0 0 0 0 37.400002 102.800003 37.400002 102.800003 37.400002 102.800003 0.0 0 
1.745329
 1 224 224 p_training_ground_2 Training_Field 00000000000002118695 0 0 3 0 0 0 0 0 -12.800000 33.000000 -12.800000 33.000000 -12.800000 33.000000 0.0 0 
1.745329
 1 225 225 p_training_ground_3 Training_Field 00000000000002118695 0 0 3 0 0 0 0 0 70.500000 72.000000 70.500000 72.000000 70.500000 72.000000 0.0 0 
1.745329
 1 226 226 p_training_ground_4 Training_Field 00000000000002118695 0 0 3 0 0 0 0 0 11.500000 -75.199997 11.500000 -75.199997 11.500000 -75.199997 0.0 0 
1.745329
 1 227 227 p_training_ground_5 Training_Field 00000000000002118695 0 0 3 0 0 0 0 0 -123.800003 -16.500000 -123.800003 -16.500000 -123.800003 -16.500000 0.0 0 
1.745329
 1 228 228 p_bridge_1 1 00000000000000541738 0 0 3 0 0 0 0 0 16.716261 98.470909 16.716261 98.470909 16.716261 98.470909 0.0 0 
-4.259208
 1 229 229 p_bridge_2 2 00000000000000541738 0 0 3 0 0 0 0 0 28.086952 37.659115 28.086952 37.659115 28.086952 37.659115 0.0 0 
0.187012
 1 230 230 p_bridge_3 3 00000000000000541892 0 0 3 0 0 0 0 0 134.663635 55.262115 134.663635 55.262115 134.663635 55.262115 0.0 0 
-1.170467
 1 231 231 p_bridge_4 4 00000000000000541738 0 0 3 0 0 0 0 0 -37.748981 -5.337120 -37.748981 -5.337120 -37.748981 -5.337120 0.0 0 
-4.239204
 1 232 232 p_bridge_5 5 00000000000000541738 0 0 3 0 0 0 0 0 13.489559 14.457118 13.489559 14.457118 13.489559 14.457118 0.0 0 
-0.828804
 1 233 233 p_bridge_6 6 00000000000000541738 0 0 3 0 0 0 0 0 112.280930 79.771767 112.280930 79.771767 112.280930 79.771767 0.0 0 
0.824396
 1 234 234 p_bridge_7 7 00000000000000541738 0 0 3 0 0 0 0 0 3.540817 58.136093 3.540817 58.136093 3.540817 58.136093 0.0 0 
-4.436008
 1 235 235 p_bridge_8 8 00000000000000541738 0 0 3 0 0 0 0 0 42.288948 68.186958 42.288948 68.186958 42.288948 68.186958 0.0 0 
-2.495067
 1 236 236 p_bridge_9 9 00000000000000541738 0 0 3 0 0 0 0 0 -37.033504 -31.516287 -37.033504 -31.516287 -37.033504 -31.516287 0.0 0 
-2.302801
 1 237 237 p_bridge_10 10 00000000000000541891 0 0 3 0 0 0 0 0 137.202423 62.483875 137.202423 62.483875 137.202423 62.483875 0.0 0 
1.935863
 1 238 238 p_bridge_11 11 00000000000000541738 0 0 3 0 0 0 0 0 14.833394 -12.347261 14.833394 -12.347261 14.833394 -12.347261 0.0 0 
3.105797
 1 239 239 p_bridge_12 12 00000000000000541891 0 0 3 0 0 0 0 0 -36.087440 11.918748 -36.087440 11.918748 -36.087440 11.918748 0.0 0 
0.626196
 1 240 240 p_bridge_13 13 00000000000000541891 0 0 3 0 0 0 0 0 139.015167 87.405624 139.015167 87.405624 139.015167 87.405624 0.0 0 
-1.109209
 1 241 241 p_bridge_14 14 00000000000000541737 0 0 3 0 0 0 0 0 -85.519829 -88.910759 -85.519829 -88.910759 -85.519829 -88.910759 0.0 0 
1.323998
 1 242 242 p_bridge_15 15 00000000000000541737 0 0 3 0 0 0 0 0 -4.583484 34.113583 -4.583484 34.113583 -4.583484 34.113583 0.0 0 
-2.168202
 1 243 243 p_bridge_16 16 00000000000000541737 0 0 3 0 0 0 0 0 26.799000 103.211853 26.799000 103.211853 26.799000 103.211853 0.0 0 
-0.084204
 1 244 244 p_bridge_17 17 00000000000000541737 0 0 3 0 0 0 0 0 86.925209 -43.707268 86.925209 -43.707268 86.925209 -43.707268 0.0 0 
-1.782989
 1 245 245 p_bridge_18 18 00000000000000541891 0 0 3 0 0 0 0 0 124.706161 98.434059 124.706161 98.434059 124.706161 98.434059 0.0 0 
-0.240467
 1 246 246 p_bridge_19 19 00000000000000541891 0 0 3 0 0 0 0 0 -15.812552 65.490601 -15.812552 65.490601 -15.812552 65.490601 0.0 0 
-5.334216
 1 247 247 p_bridge_20 20 00000000000000541891 0 0 3 0 0 0 0 0 -41.053795 22.664215 -41.053795 22.664215 -41.053795 22.664215 0.0 0 
0.256196
 1 248 248 p_bridge_21 21 00000000000000541736 0 0 3 0 0 0 0 0 28.933327 -64.855042 28.933327 -64.855042 28.933327 -64.855042 0.0 0 
1.264396
 1 249 249 p_bridge_22 22 00000000000000541736 0 0 3 0 0 0 0 0 62.408337 92.455215 62.408337 92.455215 62.408337 92.455215 0.0 0 
-3.836008
 1 250 250 p_bridge_23 23 00000000000000541736 0 0 3 0 0 0 0 0 62.436619 52.361008 62.436619 52.361008 62.436619 52.361008 0.0 0 
-3.105071
 1 251 251 p_bridge_24 24 00000000000000541736 0 0 3 0 0 0 0 0 104.406845 72.020737 104.406845 72.020737 104.406845 72.020737 0.0 0 
-1.562801
 1 252 252 p_bridge_25 25 00000000000000541892 0 0 3 0 0 0 0 0 154.322540 46.686310 154.322540 46.686310 154.322540 46.686310 0.0 0 
2.235863
 1 253 253 p_bridge_26 26 00000000000000541736 0 0 3 0 0 0 0 0 -21.836258 -19.056316 -21.836258 -19.056316 -21.836258 -19.056316 0.0 0 
0.600799
 1 254 254 p_bridge_27 27 00000000000000541736 0 0 3 0 0 0 0 0 54.661671 -76.954659 54.661671 -76.954659 54.661671 -76.954659 0.0 0 
0.190798
 1 255 255 p_bridge_28 28 00000000000000541736 0 0 3 0 0 0 0 0 82.190956 56.675117 82.190956 56.675117 82.190956 56.675117 0.0 0 
2.090794
 1 256 256 p_bridge_29 29 00000000000000541736 0 0 3 0 0 0 0 0 108.809143 1.342538 108.809143 1.342538 108.809143 1.342538 0.0 0 
-0.059202
 1 257 257 p_bridge_30 30 00000000000000541736 0 0 3 0 0 0 0 0 34.833195 -30.406063 34.833195 -30.406063 34.833195 -30.406063 0.0 0 
2.030793
 1 258 258 p_bridge_31 31 00000000000000541736 0 0 3 0 0 0 0 0 -108.597427 -75.729172 -108.597427 -75.729172 -108.597427 -75.729172 0.0 0 
1.100799
 1 259 259 p_looter_spawn_point {!}looter_sp 00000000000000001280 0 0 2 0 0 0 0 0 38.285194 29.043169 38.285194 29.043169 38.285194 29.043169 0.0 1 124 15 0 0 
0.000000
 1 260 260 p_steppe_bandit_spawn_point the_steppes 00000000000000001280 0 0 2 0 0 0 0 0 -18.903973 10.994189 -18.903973 10.994189 -18.903973 10.994189 0.0 1 124 15 0 0 
0.000000
 1 261 261 p_taiga_bandit_spawn_point the_tundra 00000000000000001280 0 0 2 0 0 0 0 0 126.097862 47.895603 126.097862 47.895603 126.097862 47.895603 0.0 1 124 15 0 0 
0.000000
 1 262 262 p_forest_bandit_spawn_point the_forests 00000000000000001280 0 0 2 0 0 0 0 0 61.295715 -19.303812 61.295715 -19.303812 61.295715 -19.303812 0.0 1 124 15 0 0 
0.000000
 1 263 263 p_mountain_bandit_spawn_point the_highlands 00000000000000001280 0 0 2 0 0 0 0 0 1.408282 -52.019341 1.408282 -52.019341 1.408282 -52.019341 0.0 1 124 15 0 0 
0.000000
 1 264 264 p_sea_raider_spawn_point_1 the_coast 00000000000000001280 0 0 2 0 0 0 0 0 -27.203569 82.519920 -27.203569 82.519920 -27.203569 82.519920 0.0 1 124 15 0 0 
0.000000
 1 265 265 p_sea_raider_spawn_point_2 the_coast 00000000000000001280 0 0 2 0 0 0 0 0 -85.836372 -66.091446 -85.836372 -66.091446 -85.836372 -66.091446 0.0 1 124 15 0 0 
0.000000
 1 266 266 p_desert_bandit_spawn_point the_deserts 00000000000000001280 0 0 2 0 0 0 0 0 110.133957 -71.512665 110.133957 -71.512665 110.133957 -71.512665 0.0 1 124 15 0 0 
0.000000
 1 267 267 p_spawn_points_end {!}last_spawn_point 00000000000000001280 0 0 1 0 0 0 0 0 0.000000 0.000000 0.000000 0.000000 0.000000 0.000000 0.0 1 124 15 0 0 
0.000000
 1 268 268 p_reserved_1 {!}last_spawn_point 00000000000000001280 0 0 1 0 0 0 0 0 0.000000 0.000000 0.000000 0.000000 0.000000 0.000000 0.0 1 124 15 0 0 
0.000000
 1 269 269 p_reserved_2 {!}last_spawn_point 00000000000000001280 0 0 1 0 0 0 0 0 0.000000 0.000000 0.000000 0.000000 0.000000 0.000000 0.0 1 124 15 0 0 
0.000000
 1 270 270 p_reserved_3 {!}last_spawn_point 00000000000000001280 0 0 1 0 0 0 0 0 0.000000 0.000000 0.000000 0.000000 0.000000 0.000000 0.0 1 124 15 0 0 
0.000000
 1 271 271 p_reserved_4 {!}last_spawn_point 00000000000000001280 0 0 1 0 0 0 0 0 0.000000 0.000000 0.000000 0.000000 0.000000 0.000000 0.0 1 124 15 0 0 
0.000000
 1 272 272 p_reserved_5 {!}last_spawn_point 00000000000000001280 0 0 1 0 0 0 0 0 0.000000 0.000000 0.000000 0.000000 0.000000 0.000000 0.0 1 124 15 0 0 
0.000000
