triggersfile version 1
156
0.000000 0.000000 100000000.000000  1 37 1 0  10 1685 3 1224979098644774912 648518346341351424 1369094286720630799 2108 2 1224979098644774912 2 2133 2 144115188075857478 1224979098644774912 2111 2 144115188075857478 1 2133 2 1224979098644774913 216172782113787234 6 3 1224979098644774914 360287970189639955 360287970189639970 500 3 1224979098644774914 130 1224979098644774913 2105 2 1224979098644774913 1 3 0 500 3 360287970189639680 13 -1 
0.100000 0.000000 100000000.000000  2 37 1 0 30 2 144115188075857063 6  1 1120 1 216172782113783828 
0.000000 0.000000 168.000000  0  1 1 1 936748722493063739 
0.000000 0.000000 168.000000  0  1 1 1 936748722493063740 
0.000000 0.000000 168.000000  0  1 1 1 936748722493063741 
0.000000 0.000000 168.000000  0  1 1 1 936748722493063742 
5.700000 0.000000 0.000000  6 30 2 144115188075857063 4 30 2 144115188075857146 0 2147483679 2 144115188075857119 5 2147483679 2 144115188075857119 6 2310 2 72057594037927938 576460752303423497 2147483680 2 72057594037927938 3  2 1103 1 1 1100 2 648518346341351444 576460752303423497 
1.000000 0.000000 0.000000  3 200 1 504403158265495605 2147483851 1 504403158265495605 2147483850 1 504403158265495605  29 526 3 1224979098644774912 504403158265495605 8 4 0 132 1 1224979098644774912 2204 2 1224979098644774913 1224979098644774912 2147483681 3 1224979098644774913 432345564227567629 432345564227567637 2133 2 1224979098644774914 8 4 0 2273 0 2133 2 1224979098644774914 5 3 0 11 1 1224979098644774915 32 2 1224979098644774915 648518346341351627 2204 2 1224979098644774916 1224979098644774915 33 3 1224979098644774916 432345564227567629 432345564227567637 2281 3 1224979098644774917 1224979098644774915 1224979098644774912 2147483678 2 1224979098644774917 1224979098644774914 4 0 31 2 144115188075856162 1 2330 2 4 1224979098644774915 1106 1 1585267068834415940 3 0 1 2 936748722493063383 1224979098644774912 2133 2 1224979098644774918 72057594037927936 1 6 936748722493063649 70 1224979098644774915 1224979098644774918 1224979098644774912 -1 3 0 5 0 1106 1 216172782113783826 1 3 936748722493063485 504403158265495605 0 3 0 
2.000000 0.000000 0.000000  2 2311 2 72057594037927938 576460752303423540 131 1 72057594037927938  5 2204 2 1224979098644774912 72057594037927938 1 3 936748722493063364 1224979098644774912 -1 1640 2 72057594037927938 1 1641 2 72057594037927938 72057594037927936 1603 3 72057594037927938 65536 0 
4.000000 0.000000 0.000000  11 31 2 144115188075855972 1 2133 2 1224979098644774912 0 4 0 2147483780 1 144115188075856108 2133 2 1224979098644774912 1 5 0 2291 2 1224979098644774913 144115188075856108 2147483679 2 1224979098644774913 144115188075856107 2133 2 1224979098644774912 1 3 0 31 2 1224979098644774912 1  1 2133 2 144115188075855972 0 
1.500000 0.000000 0.000000  2 2311 2 72057594037927938 576460752303423536 131 1 72057594037927938  5 2204 2 1224979098644774912 72057594037927938 1 3 936748722493063364 1224979098644774912 -1 1640 2 72057594037927938 1 1641 2 72057594037927938 72057594037927936 1603 3 72057594037927938 65536 0 
1.000000 0.000000 0.000000  0  8 6 3 1224979098644774912 432345564227567629 432345564227567637 542 3 1224979098644774912 21 0 4 0 2136 3 1224979098644774913 0 100 2147483678 2 1224979098644774913 10 1 3 936748722493063414 1224979098644774912 11 3 0 3 0 
0.200000 0.000000 0.000000  43 200 1 504403158265495565 2147483852 1 504403158265495565 546 3 504403158265495565 11 2 526 3 1224979098644774912 504403158265495565 1 526 3 1224979098644774913 504403158265495565 8 4 0 2147483780 1 1224979098644774913 506 3 504403158265495565 11 3 1 2 936748722493063554 504403158265495565 5 0 130 2 1224979098644774913 1224979098644774912 1232 1 1224979098644774913 506 3 504403158265495565 11 3 526 3 1224979098644774914 504403158265495565 4 2133 2 1224979098644774915 0 6 3 1224979098644774916 432345564227567629 432345564227567637 542 3 1224979098644774916 21 0 2147483679 2 1224979098644774916 432345564227567629 2147484194 3 504403158265495565 3 1224979098644774916 2105 2 1224979098644774915 1 3 0 4 0 32 2 1224979098644774915 0 2136 3 1224979098644774917 0 1224979098644774915 2133 2 1224979098644774918 -1 6 3 1224979098644774916 432345564227567629 432345564227567637 31 2 1224979098644774918 -1 542 3 1224979098644774916 21 0 2147483679 2 1224979098644774916 432345564227567629 2147484194 3 504403158265495565 3 1224979098644774916 2106 2 1224979098644774917 1 2147483678 2 1224979098644774917 0 2133 2 1224979098644774918 1224979098644774916 3 0 3 0 4 0 32 2 1224979098644774918 0 1 3 936748722493063397 1224979098644774914 1224979098644774918 5 0 1 3 936748722493063397 1224979098644774914 432345564227567638 3 0 1 2 936748722493063553 504403158265495565 3 0  0 
0.200000 0.000000 0.000000  64 200 1 504403158265495560 2147483852 1 504403158265495560 526 3 1224979098644774912 504403158265495560 7 526 3 1224979098644774913 504403158265495560 1 4 0 132 1 144115188075856085 4 0 130 2 144115188075856085 1224979098644774913 1232 1 144115188075856085 2105 2 144115188075855973 1 5 0 130 2 144115188075856085 1224979098644774912 1232 1 144115188075856085 2105 2 144115188075855974 1 5 0 2281 3 1224979098644774914 648518346341351424 144115188075856085 32 2 1224979098644774914 3 1641 2 144115188075856085 1224979098644774913 3 0 3 0 4 0 132 1 144115188075856086 4 0 130 2 144115188075856086 1224979098644774913 1232 1 144115188075856086 2105 2 144115188075855973 1 5 0 130 2 144115188075856086 1224979098644774912 1232 1 144115188075856086 2105 2 144115188075855974 1 5 0 2281 3 1224979098644774914 648518346341351424 144115188075856086 32 2 1224979098644774914 3 1641 2 144115188075856086 1224979098644774913 3 0 3 0 4 0 132 1 144115188075856087 4 0 130 2 144115188075856087 1224979098644774913 1232 1 144115188075856087 2105 2 144115188075855973 1 5 0 130 2 144115188075856087 1224979098644774912 1232 1 144115188075856087 2105 2 144115188075855974 1 5 0 2281 3 1224979098644774914 648518346341351424 144115188075856087 32 2 1224979098644774914 3 1641 2 144115188075856087 1224979098644774913 3 0 3 0 2133 2 1224979098644774915 144115188075855974 2105 2 1224979098644774915 144115188075855973 30 2 1224979098644774915 3 4 0 30 2 144115188075855974 3 1 2 936748722493063553 504403158265495560 5 0 31 2 144115188075855974 0 1 2 936748722493063554 504403158265495560 5 0 1 2 936748722493063552 504403158265495560 3 0  0 
0.500000 0.000000 0.000000  94 200 1 504403158265495561 31 2 144115188075855980 0 526 3 1224979098644774912 504403158265495561 12 526 3 1224979098644774913 504403158265495561 7 2133 2 1224979098644774914 0 4 0 1073741854 2 144115188075855975 2 3221225604 1 144115188075856084 2147483780 1 144115188075856083 5 0 31 2 144115188075855976 0 2281 3 1224979098644774915 648518346341351424 144115188075856084 4 0 2133 2 1224979098644774916 3 4 0 2273 0 2133 2 1224979098644774916 1 3 0 2147483680 2 1224979098644774915 1224979098644774916 2281 3 1224979098644774917 648518346341351424 1224979098644774912 32 2 1224979098644774917 1 2105 2 144115188075855975 1 4 0 31 2 144115188075855975 2 2133 2 1224979098644774914 1 1106 1 216172782113783978 3 0 5 0 2281 3 1224979098644774915 144115188075856083 144115188075856084 2147483680 2 1224979098644774915 1 1660 2 144115188075856084 144115188075856083 2133 2 144115188075855976 1 2133 2 144115188075855977 0 3 0 5 0 31 2 144115188075855976 1 2281 3 1224979098644774915 648518346341351424 144115188075856083 4 0 2147483680 2 1224979098644774915 1 1661 1 144115188075856084 2105 2 144115188075855975 1 4 0 31 2 144115188075855975 2 2133 2 1224979098644774914 1 1106 1 216172782113783978 3 0 5 0 2105 2 144115188075855977 1 32 2 144115188075855977 4 1661 1 144115188075856084 2133 2 1224979098644774914 1 2133 2 144115188075855976 2 3 0 3 0 4 0 31 2 1224979098644774914 1 1641 2 144115188075856084 1224979098644774912 1641 2 144115188075856083 1224979098644774913 1640 2 144115188075856084 1 1640 2 144115188075856083 1 1603 3 144115188075856084 65536 0 1603 3 144115188075856083 65536 0 3 0 2133 2 1224979098644774918 0 4 0 132 1 144115188075856084 2105 2 1224979098644774918 1 130 2 144115188075856084 1224979098644774912 1232 1 144115188075856084 2133 2 144115188075855978 1 2106 2 1224979098644774918 1 3 0 4 0 132 1 144115188075856083 2105 2 1224979098644774918 1 130 2 144115188075856083 1224979098644774913 1232 1 144115188075856083 2133 2 144115188075855979 1 2106 2 1224979098644774918 1 3 0 4 0 31 2 144115188075855979 1 31 2 144115188075855978 1 1 2 936748722493063554 504403158265495561 3 0 4 0 31 2 1224979098644774918 0 2133 2 144115188075855980 1 1632 3 1224979098644774919 648518346341351424 360287970189640619 1632 3 1224979098644774920 648518346341351424 360287970189640620 32 2 1224979098644774919 0 32 2 1224979098644774920 0 1 2 936748722493063553 504403158265495561 3 0  0 
168.000000 0.000000 0.000000  0  2 2107 2 144115188075855981 101 2108 2 144115188075855981 100 
0.100000 0.000000 0.100000  2 200 1 504403158265495581 31 2 144115188075856146 1  6 526 3 1224979098644774912 504403158265495581 8 4 0 132 1 1224979098644774912 1640 2 1224979098644774912 0 1603 3 1224979098644774912 65536 0 3 0 
0.100000 0.000000 0.100000  2 200 1 504403158265495581 31 2 144115188075856146 0  7 526 3 1224979098644774912 504403158265495581 8 4 0 132 1 1224979098644774912 1640 2 1224979098644774912 10 1603 3 1224979098644774912 65536 0 1641 2 1224979098644774912 648518346341351424 3 0 
0.100000 0.000000 0.000000  3 200 1 504403158265495581 526 3 1224979098644774912 504403158265495581 8 2147483780 1 1224979098644774912  1 1 3 936748722493063485 504403158265495581 2 
0.300000 0.000000 1.100000  6 200 1 504403158265495583 2147483851 1 504403158265495583 2301 2 1224979098644774912 576460752303423525 2147483678 2 144115188075856147 1224979098644774912 2302 2 1224979098644774913 576460752303423525 31 2 1224979098644774913 144115188075856148  2 1106 1 216172782113783826 1 3 936748722493063485 504403158265495583 0 
0.300000 0.000000 1.100000  6 200 1 504403158265495583 2147483850 1 504403158265495583 2301 2 1224979098644774912 576460752303423525 2147483678 2 144115188075856147 1224979098644774912 2302 2 1224979098644774913 576460752303423525 2147483679 2 1224979098644774913 144115188075856148  1 1 2 936748722493063553 504403158265495583 
1.000000 0.000000 0.000000  5 200 1 504403158265495584 526 3 1224979098644774912 504403158265495584 8 132 1 1224979098644774912 131 1 1224979098644774912 1232 1 1224979098644774912  0 
0.000000 0.000000 336.000000  22 6 3 1224979098644774912 360287970189640076 360287970189640082 500 3 1224979098644774912 12 0 2147483679 2 1224979098644774912 144115188075856013 520 3 1224979098644774913 1224979098644774912 14 542 3 1224979098644774913 21 0 542 3 1224979098644774913 60 1 2147484188 3 1224979098644774912 2 2 6 3 1224979098644774914 0 30 540 3 1224979098644774912 12 0 2136 3 1224979098644774915 648518346341351445 648518346341351463 2204 2 1224979098644774916 1224979098644774915 2190 3 1224979098644774917 1224979098644774916 1224979098644774913 2147483680 2 1224979098644774917 0 500 3 1224979098644774912 12 1224979098644774915 4 0 31 2 144115188075856162 1 2322 2 4 1224979098644774912 2330 2 5 1224979098644774915 1106 1 1585267068834415218 3 0 3 0 3 0  0 
360.000000 0.000000 0.000000  1 1 1 936748722493063562  0 
0.000000 0.000000 24.000000  0  130 2133 2 1224979098644774912 0 2133 2 1224979098644774913 100 6 3 1224979098644774914 360287970189639955 360287970189639970 110 1 1224979098644774914 2105 2 1224979098644774912 1 3 0 2106 2 1224979098644774913 1224979098644774912 2170 3 1224979098644774915 1369094286720630791 360287970189639680 2105 2 1224979098644774913 1224979098644774915 2133 2 72057594037927943 1224979098644774913 4 0 31 2 1 0 32 2 144115188075855983 0 31 2 144115188075856746 0 4 0 520 3 1224979098644774916 144115188075855983 71 110 1 144115188075855983 110 1 1224979098644774916 2133 2 144115188075855982 144115188075855983 3 0 2133 2 144115188075855983 0 3 0 6 3 1224979098644774917 360287970189639955 360287970189639970 500 3 1224979098644774917 81 0 4 0 540 3 1224979098644774917 5 1 500 3 1224979098644774917 80 1 3 0 520 3 1224979098644774918 1224979098644774917 2 4 0 31 2 1 0 31 2 1224979098644774918 11 520 3 1224979098644774919 1224979098644774917 84 2322 2 31 1224979098644774917 520 3 1224979098644774920 360287970189639680 7 2133 2 72057594037927940 1224979098644774920 2133 2 72057594037927941 1224979098644774919 32 2 1224979098644774920 1224979098644774919 500 3 1224979098644774917 77 0 500 3 1224979098644774917 69 0 500 3 1224979098644774917 2 0 3 0 4 0 560 3 1224979098644774917 150 5 540 3 1224979098644774917 151 1 520 3 1224979098644774916 1224979098644774917 144 540 3 1224979098644774916 145 0 500 3 1224979098644774916 145 1 2322 2 3 1224979098644774917 2322 2 4 1224979098644774916 4 0 31 2 144115188075856162 1 1106 1 216172782113786427 3 0 3 0 4 0 31 2 1 0 110 1 1224979098644774917 1 2 936748722493063614 1224979098644774917 2133 2 1224979098644774921 72057594037927936 4 0 2147483678 2 1224979098644774921 20 2136 3 1224979098644774922 0 100 2105 2 1224979098644774921 1224979098644774922 2147483678 2 1224979098644774921 20 2133 2 144115188075855984 1224979098644774917 3 0 520 3 1224979098644774923 1224979098644774917 77 2107 2 1224979098644774923 90 2108 2 1224979098644774923 1224979098644774913 500 3 1224979098644774917 77 1224979098644774923 520 3 1224979098644774923 1224979098644774917 69 2107 2 1224979098644774923 90 2108 2 1224979098644774923 1224979098644774913 500 3 1224979098644774917 69 1224979098644774923 4 0 1073742384 3 1224979098644774917 72 1 31 2 144115188075856746 1 520 3 1224979098644774924 1224979098644774917 71 110 1 1224979098644774924 1 4 936748722493063616 1224979098644774917 1224979098644774924 72 3 0 4 0 1073742384 3 1224979098644774917 74 1 31 2 144115188075856746 1 520 3 1224979098644774924 1224979098644774917 73 110 1 1224979098644774924 1 4 936748722493063616 1224979098644774917 1224979098644774924 74 3 0 4 0 1073742384 3 1224979098644774917 76 1 31 2 144115188075856746 1 520 3 1224979098644774924 1224979098644774917 75 110 1 1224979098644774924 520 3 1224979098644774923 1224979098644774917 77 2107 2 1224979098644774923 9 2108 2 1224979098644774923 10 500 3 1224979098644774917 77 1224979098644774923 3 0 4 0 31 2 144115188075856746 0 31 2 144115188075855982 0 31 2 144115188075856026 0 31 2 144115188075855983 0 540 3 1224979098644774917 72 0 520 3 1224979098644774916 1224979098644774917 71 110 1 1224979098644774916 2133 2 144115188075855983 1224979098644774917 3 0 4 0 31 2 144115188075855985 0 540 3 1224979098644774917 145 1 2133 2 144115188075855985 1224979098644774917 3 0 5 0 2147483758 1 1224979098644774917 31 2 1224979098644774918 5 520 3 1224979098644774925 1224979098644774917 150 4 0 32 2 1224979098644774925 0 2106 2 1224979098644774925 1 500 3 1224979098644774917 150 1224979098644774925 5 0 560 3 1224979098644774917 151 1 3221226012 3 1224979098644774917 151 8 101 1 1224979098644774917 2133 2 144115188075855986 1224979098644774917 3 0 3 0 3 0 
1.000000 0.000000 0.000000  15 1506 2 1224979098644774912 360287970189639680 31 2 1224979098644774912 1 6 3 1224979098644774913 360287970189639955 360287970189639970 540 3 1224979098644774913 2 5 1540 2 1224979098644774914 1224979098644774913 6 3 1224979098644774915 0 1224979098644774914 1541 3 1224979098644774916 1224979098644774913 1224979098644774915 30 2 1224979098644774916 0 1073741855 2 1224979098644774916 288230376151712489 1073741855 2 1224979098644774916 288230376151712496 31 2 1224979098644774916 288230376151712512 372 1 80 2133 2 1224979098644774914 0 3 0 3 0  0 
1.000000 0.000000 100000000.000000  2 2147483680 2 144115188075857061 0 540 3 360287970189639955 2 5  6 1103 1 1 2136 3 1224979098644774912 648518346341351503 648518346341351593 1100 2 1224979098644774912 576460752303423523 2133 2 144115188075857061 72057594037927936 501 3 144115188075857061 5 1224979098644774912 501 3 144115188075857061 52 -20 
1.000000 0.000000 12.000000  0  35 32 2 144115188075857061 0 4 0 31 2 144115188075857477 5 1232 1 144115188075857061 2133 2 144115188075857061 -1 3 0 132 1 144115188075857061 4 0 541 3 144115188075857061 52 0 2171 2 1224979098644774912 360287970189639680 30 2 1224979098644774912 25 1640 2 144115188075857061 4 1641 2 144115188075857061 648518346341351424 1603 3 144115188075857061 65536 0 5 0 521 3 1224979098644774913 144115188075857061 5 1625 2 1 1224979098644774913 2281 3 1224979098644774914 144115188075857061 1224979098644774913 2147483678 2 1224979098644774914 5 2133 2 1224979098644774915 1 2133 2 1224979098644774916 -1 6 3 1224979098644774917 648518346341351445 648518346341351593 2281 3 1224979098644774918 144115188075857061 1224979098644774917 32 2 1224979098644774918 1224979098644774915 2133 2 1224979098644774915 1224979098644774918 2133 2 1224979098644774916 1224979098644774917 3 0 1625 2 1 1224979098644774916 1627 3 2 1 4 1640 2 144115188075857061 6 1642 2 144115188075857061 2 1641 2 144115188075857061 1224979098644774916 1603 3 144115188075857061 65536 0 501 3 144115188075857061 8 0 3 0 
2.000000 0.000000 0.000000  3 30 2 144115188075857063 4 2310 2 72057594037927938 576460752303423495 2147483678 2 72057594037927938 6  18 1103 1 1 2120 3 1224979098644774912 648518346341351635 2 2136 3 1224979098644774913 648518346341351635 1224979098644774912 1100 2 1224979098644774913 576460752303423495 2133 2 1224979098644774914 72057594037927936 4 0 1073741855 2 144115188075857063 7 31 2 144115188075857063 8 2147483678 2 144115188075857062 1 1610 3 1224979098644774914 360287970189639823 10 4 0 2136 3 1224979098644774915 0 100 2147483678 2 1224979098644774915 50 1100 2 1224979098644774913 576460752303423504 1615 3 72057594037927936 360287970189639826 1 1615 3 72057594037927936 360287970189639825 1 3 0 3 0 
0.000000 0.000000 0.000000  2 2147483679 2 144115188075857226 0 31 2 144115188075857062 0  13 2301 2 1224979098644774912 576460752303423496 2302 2 1224979098644774913 576460752303423495 2105 2 1224979098644774913 1224979098644774912 520 3 1224979098644774914 360287970189639885 255 2106 2 1224979098644774913 1224979098644774914 2133 2 72057594037927936 100 2107 2 72057594037927936 1224979098644774913 2108 2 72057594037927936 20 4 0 2147483678 2 144115188075857065 7 2110 2 72057594037927936 95 3 0 1113 4 504403158265495647 7 1585267068834415211 0 
0.100000 0.000000 100000000.000000  5 2301 2 1224979098644774912 576460752303423496 2302 2 1224979098644774913 576460752303423495 2105 2 1224979098644774913 1224979098644774912 30 2 1224979098644774913 20 30 2 144115188075857065 7  4 2133 2 144115188075857062 1 2133 2 144115188075857063 9 2133 2 72057594037927936 100 1113 4 504403158265495647 7 1585267068834415211 0 
0.100000 0.100000 100000000.000000  4 2302 2 1224979098644774912 576460752303423495 2301 2 1224979098644774913 576460752303423496 2105 2 1224979098644774912 1224979098644774913 30 2 1224979098644774912 10  1 2060 1 864691128455135472 
1.000000 0.000000 100000000.000000  16 37 0 31 2 144115188075857065 8 2281 3 1224979098644774912 648518346341351444 648518346341351424 32 2 1224979098644774912 10 2281 3 1224979098644774913 648518346341351456 648518346341351424 2281 3 1224979098644774914 648518346341351446 648518346341351424 2281 3 1224979098644774915 648518346341351472 648518346341351424 2281 3 1224979098644774916 648518346341351538 648518346341351424 2281 3 1224979098644774917 648518346341351537 648518346341351424 2281 3 1224979098644774918 648518346341351594 648518346341351424 3221225504 2 1224979098644774913 15 3221225504 2 1224979098644774914 15 3221225504 2 1224979098644774915 15 3221225504 2 1224979098644774916 15 3221225504 2 1224979098644774917 15 2147483680 2 1224979098644774918 15  1 1 1 936748722493063589 
0.000000 0.000000 0.100000  2 30 2 144115188075857129 3 31 2 144115188075857146 0  13 2302 2 1224979098644774912 576460752303423509 2121 3 72057594037927946 10 1224979098644774912 4 0 30 2 72057594037927946 1 2320 2 4 1585267068834415941 2320 2 5 1585267068834415616 2320 2 3 1585267068834415617 5 0 2320 2 4 1585267068834415941 2320 2 5 1585267068834415942 2320 2 1 1585267068834415617 3 0 1113 4 504403158265495658 4 3 0 
0.000000 0.000000 0.100000  2 30 2 144115188075857158 4 2147483678 2 144115188075857065 13  13 2302 2 1224979098644774912 576460752303423507 2121 3 72057594037927946 10 1224979098644774912 4 0 30 2 72057594037927946 1 2320 2 4 1585267068834415943 2320 2 5 1585267068834415616 2320 2 3 1585267068834415617 5 0 2320 2 4 1585267068834415943 2320 2 5 1585267068834415942 2320 2 1 1585267068834415617 3 0 1113 4 504403158265495658 4 3 0 
0.000000 0.000000 0.100000  2 30 2 144115188075857065 12 2147483678 2 144115188075857158 4  13 2302 2 1224979098644774912 576460752303423506 2121 3 72057594037927946 10 1224979098644774912 4 0 30 2 72057594037927946 1 2320 2 4 1585267068834415441 2320 2 5 1585267068834415616 2320 2 3 1585267068834415617 5 0 2320 2 4 1585267068834415441 2320 2 5 1585267068834415942 2320 2 1 1585267068834415617 3 0 1113 4 504403158265495658 3 3 0 
0.000000 0.000000 0.100000  2 31 2 144115188075857160 1 31 2 144115188075857064 1  11 2302 2 1224979098644774912 576460752303423503 2106 2 1224979098644774912 144115188075857162 2133 2 72057594037927936 100 2107 2 72057594037927936 1224979098644774912 2108 2 72057594037927936 10 1113 4 504403158265495648 7 1585267068834415211 0 4 0 30 2 72057594037927936 100 2133 2 144115188075857064 2 1025 1 360287970189639819 3 0 
24.000000 0.000000 0.000000  1 71 1 44  0 
0.100000 0.000000 100000000.000000  34 31 2 144115188075857066 1 520 3 1224979098644774912 360287970189639965 250 32 2 1224979098644774912 0 2133 2 1224979098644774913 -1 520 3 1224979098644774914 1224979098644774912 12 4 0 32 2 1224979098644774914 0 33 3 1224979098644774914 648518346341351445 648518346341351593 2133 2 1224979098644774913 1224979098644774914 5 0 520 3 1224979098644774915 1224979098644774912 10 32 2 1224979098644774915 0 2133 2 1224979098644774913 1224979098644774915 1 2 936748722493063416 1224979098644774912 2133 2 1224979098644774914 72057594037927936 4 0 33 3 1224979098644774914 648518346341351445 648518346341351593 2133 2 1224979098644774913 1224979098644774914 3 0 3 0 30 2 1224979098644774913 0 2281 3 1224979098644774916 1224979098644774913 648518346341351424 2147483680 2 1224979098644774916 10 2171 2 1224979098644774917 360287970189639680 1103 1 7 1100 2 648518346341351424 576460752303423501 2133 2 1224979098644774918 72057594037927936 1612 2 1224979098644774918 360287970189639965 1610 3 1224979098644774918 360287970189639852 1224979098644774917 1640 2 1224979098644774918 4 1641 2 1224979098644774918 648518346341351424 1603 3 1224979098644774918 81920 1 500 3 360287970189639965 251 1224979098644774918 2133 2 144115188075857066 2  6 2133 2 144115188075857066 2 520 3 1224979098644774912 360287970189639965 251 32 2 1224979098644774912 0 1625 2 1 648518346341351424 1626 2 1224979098644774912 1 1300 1 1224979098644774912 
0.100000 0.100000 100000000.000000  1 560 3 360287970189639970 200 1  2 2133 2 144115188075857067 1 1025 1 360287970189639953 
0.000000 0.000000 100000000.000000  7 31 2 144115188075857067 2 520 3 1224979098644774912 360287970189639953 200 520 3 1224979098644774913 360287970189639953 201 2281 3 1224979098644774914 1224979098644774912 648518346341351424 2281 3 1224979098644774915 1224979098644774913 648518346341351424 3221225502 2 1224979098644774914 1 2147483678 2 1224979098644774915 1  3 2133 2 144115188075857067 3 520 3 1224979098644774912 360287970189639953 201 1300 1 1224979098644774912 
0.100000 0.000000 100000000.000000  15 31 2 144115188075857068 1 1608 2 1224979098644774912 648518346341351424 31 2 1224979098644774912 4 2133 2 1224979098644774913 0 11 1 1224979098644774914 132 1 1224979098644774914 2147483679 2 1224979098644774914 648518346341351621 2147483679 2 1224979098644774914 648518346341351424 2281 3 1224979098644774915 1224979098644774914 648518346341351424 2147483680 2 1224979098644774915 5 2133 2 1224979098644774913 1 3 0 31 2 1224979098644774913 0 603 1 1048576 604 1 32  2 2133 2 144115188075857068 2 2060 1 864691128455135485 
0.000000 0.000000 100000000.000000  1 31 2 144115188075857066 4  1 1025 1 360287970189639955 
0.000000 0.000000 100000000.000000  3 31 2 144115188075857477 1 540 3 360287970189639955 2 5 110 1 360287970189639955  1 1025 1 360287970189639955 
0.500000 0.000000 100000000.000000  11 4 0 547 3 288230376151712770 1 0 1 3 936748722493063602 360287970189640573 288230376151712770 31 2 72057594037927936 0 507 3 288230376151712770 1 1 3 0 547 3 288230376151712766 1 1 547 3 288230376151712767 1 1 547 3 288230376151712768 1 1 547 3 288230376151712769 1 1 547 3 288230376151712770 1 1  1 2133 2 144115188075857069 1 
0.100000 0.000000 100000000.000000  5 31 2 144115188075857226 1 2302 2 1224979098644774912 576460752303423495 2301 2 1224979098644774913 576460752303423496 2105 2 1224979098644774912 1224979098644774913 30 2 1224979098644774912 10  1 2133 2 144115188075857070 1 
0.200000 0.100000 20.000000  4 31 2 144115188075857104 1 2273 0 2271 1 1224979098644774912 31 2 1224979098644774912 0  31 1106 2 1585267068834415243 14487825 1106 2 1585267068834415944 16777215 600 1 1152921504606847178 2133 2 1224979098644774912 0 2133 2 1224979098644774913 0 1650 2 1224979098644774914 648518346341351424 6 3 1224979098644774915 0 1224979098644774914 1652 3 1224979098644774916 648518346341351424 1224979098644774915 4 0 1507 1 1224979098644774916 2147485156 1 1224979098644774916 2170 3 1224979098644774917 17 1224979098644774916 2105 2 1224979098644774913 1224979098644774917 3 0 4 0 2171 2 1224979098644774918 1224979098644774916 2147483678 2 1224979098644774918 30 2105 2 1224979098644774912 1 3 0 3 0 2111 2 1224979098644774912 1 2122 3 1224979098644774919 1224979098644774913 100 2108 2 1224979098644774919 1224979098644774912 6 3 1224979098644774915 0 1224979098644774914 1652 3 1224979098644774916 648518346341351424 1224979098644774915 4 0 2171 2 1224979098644774918 1224979098644774916 2147483678 2 1224979098644774918 30 1670 3 648518346341351424 1224979098644774915 1224979098644774919 3 0 3 0 
0.400000 0.000000 0.000000  14 30 2 144115188075857146 0 31 2 144115188075857220 2 2302 2 1224979098644774912 576460752303423501 2302 2 1224979098644774913 576460752303423502 2302 2 1224979098644774914 576460752303423503 2302 2 1224979098644774915 576460752303423504 2120 3 1224979098644774916 1224979098644774912 1224979098644774913 2105 2 1224979098644774916 1224979098644774914 2105 2 1224979098644774916 1224979098644774915 2105 2 1224979098644774916 1224979098644774912 32 2 1224979098644774916 144115188075857072 2121 3 1224979098644774917 1224979098644774916 144115188075857072 2105 2 144115188075857071 1224979098644774917 2133 2 144115188075857072 1224979098644774916  0 
0.300000 0.000000 0.000000  17 30 2 144115188075857146 6 2147483679 2 144115188075857221 0 2302 2 1224979098644774912 576460752303423506 2106 2 1224979098644774912 144115188075857075 2302 2 1224979098644774913 576460752303423507 2106 2 1224979098644774913 144115188075857076 2302 2 1224979098644774914 576460752303423509 2106 2 1224979098644774914 144115188075857077 2302 2 1224979098644774915 576460752303423510 2106 2 1224979098644774915 144115188075857078 2107 2 1224979098644774913 2 2107 2 1224979098644774914 2 2107 2 1224979098644774915 3 2120 3 1224979098644774916 1224979098644774912 1224979098644774913 2105 2 1224979098644774916 1224979098644774914 2105 2 1224979098644774916 1224979098644774915 30 2 1224979098644774916 7  6 2105 2 144115188075857073 1 2105 2 144115188075857074 1 2302 2 144115188075857075 576460752303423506 2302 2 144115188075857076 576460752303423507 2302 2 144115188075857077 576460752303423509 2302 2 144115188075857078 576460752303423510 
1.000000 3.000000 0.000000  1 31 2 144115188075857079 1  19 2133 2 144115188075857079 0 4 0 31 2 144115188075857173 2 1 3 936748722493063451 144115188075856283 144115188075857080 2343 2 1 144115188075856283 2343 2 2 144115188075857080 1105 1 1585267068834415168 1 2 936748722493063569 144115188075856283 1 2 936748722493063569 144115188075857080 5 0 31 2 144115188075857173 3 1 3 936748722493063457 144115188075856283 144115188075857080 2335 2 1 144115188075856283 2335 2 2 144115188075857080 1105 1 1585267068834415170 1 2 936748722493063569 144115188075856283 1 2 936748722493063569 144115188075857080 3 0 2133 2 144115188075857080 -1 
0.200000 0.000000 0.800000  19 31 2 144115188075857212 0 2133 2 144115188075857081 0 540 3 360287970189639955 2 5 540 3 360287970189639956 2 5 110 1 360287970189639955 110 1 360287970189639956 2170 3 1224979098644774912 1369094286720630819 360287970189639680 2170 3 1224979098644774913 1369094286720630807 360287970189639680 1073741854 2 1224979098644774912 6 30 2 1224979098644774913 6 2281 3 1224979098644774914 648518346341351544 648518346341351424 2147483680 2 1224979098644774914 22 4 0 540 3 360287970189639957 2 5 540 3 360287970189639958 2 5 110 1 360287970189639957 110 1 360287970189639958 1106 1 1585267068834415945 3 0  1 2133 2 144115188075857081 1 
0.000000 0.000000 0.000000  1 30 2 144115188075857084 1  28 4 0 31 2 144115188075857084 2 2302 2 1224979098644774912 144115188075857268 32 2 1224979098644774912 144115188075857256 2122 3 1224979098644774913 144115188075857255 100 2123 3 1224979098644774914 1224979098644774913 144115188075857254 4 0 30 2 1224979098644774914 40 2105 2 144115188075857082 3 4 0 110 1 360287970189639958 1107 1 0 1 3 936748722493063808 360287970189639958 1 1107 1 1 3 0 4 0 30 2 144115188075857083 1 2106 2 144115188075857083 1 3 0 5 0 2105 2 144115188075857083 3 4 0 30 2 144115188075857082 1 2106 2 144115188075857082 1 3 0 3 0 3 0 2133 2 144115188075857084 0 
2.000000 0.000000 100000000.000000  6 37 1 0 30 2 144115188075857083 70 2170 3 1224979098644774912 1369094286720630785 360287970189639680 1685 3 1224979098644774913 648518346341351424 1369094286720630799 30 2 1224979098644774912 5 30 2 1224979098644774913 5  6 2133 2 144115188075857085 1 2320 2 2 1585267068834415946 1 2 936748722493063800 504403158265495654 1290 1 504403158265495654 600 1 1152921504606847161 1120 2 1585267068834414722 1585267068834415213 
2.000000 0.000000 100000000.000000  6 37 1 0 30 2 144115188075857082 70 2170 3 1224979098644774912 1369094286720630819 360287970189639680 2170 3 1224979098644774913 1369094286720630820 360287970189639680 30 2 1224979098644774912 6 30 2 1224979098644774913 6  6 2133 2 144115188075857086 1 2320 2 2 1585267068834415947 1 2 936748722493063800 504403158265495655 1290 1 504403158265495655 600 1 1152921504606847161 1120 2 1585267068834414722 1585267068834415213 
2.000000 0.000000 100000000.000000  4 37 1 0 30 2 144115188075857119 2 2170 3 1224979098644774912 1369094286720630800 360287970189639955 30 2 1224979098644774912 5  4 2133 2 144115188075857087 1 2320 2 2 1585267068834415948 1120 1 2 600 1 1152921504606847161 
0.000000 0.000000 1.000000  4 31 2 144115188075857088 3 2147483679 2 144115188075857064 12 2147483679 2 144115188075857125 360287970189639966 37 1 0  4 2133 2 144115188075857088 4 2133 2 144115188075856110 8 1616 3 144115188075856209 144115188075857125 1 1025 1 144115188075857125 
1.000000 0.000000 0.000000  0  6 6 3 1224979098644774912 360287970189639955 360287970189639970 520 3 1224979098644774913 1224979098644774912 207 30 2 1224979098644774913 1 2106 2 1224979098644774913 1 500 3 1224979098644774912 207 1224979098644774913 3 0 
1.000000 23.000000 0.000000  1 31 2 144115188075857089 6  1 2133 2 144115188075857089 5 
0.500000 0.000000 100000000.000000  1 30 2 144115188075857345 4  8 500 3 360287970189639680 178 2 600 1 1152921504606847202 2320 2 20 144115188075857414 2320 2 2 1585267068834415949 2320 2 1 1585267068834415950 1106 2 1585267068834414669 16763904 1106 1 1585267068834414722 1120 2 1585267068834414669 1585267068834414722 
2.000000 0.000000 48.000000  5 2147483678 2 144115188075857146 0 1540 2 1224979098644774912 360287970189639897 6 3 1224979098644774913 10 1224979098644774912 1543 3 360287970189639897 1224979098644774913 -1 3 0  43 1535 3 360287970189639897 288230376151712059 2 1535 3 360287970189639897 288230376151712211 1 1535 3 360287970189639897 288230376151712218 2 1535 3 360287970189639897 288230376151712219 2 1535 3 360287970189639897 288230376151712359 2 1535 3 360287970189639897 288230376151712360 2 1535 3 360287970189639897 288230376151712380 2 1535 3 360287970189639897 288230376151712381 2 1535 3 360287970189639897 288230376151712382 1 1535 3 360287970189639897 288230376151712462 2 1535 3 360287970189639897 288230376151712523 2 1535 3 360287970189639897 288230376151712467 1 1535 3 360287970189639897 288230376151712585 2 1535 3 360287970189639897 288230376151712782 2 1535 3 360287970189639897 288230376151712786 1 2136 3 1224979098644774912 0 200 4 0 33 3 1224979098644774912 20 40 1535 3 360287970189639897 288230376151712583 1 5 0 33 3 1224979098644774912 40 60 1535 3 360287970189639897 288230376151712520 1 5 0 33 3 1224979098644774912 60 80 1535 3 360287970189639897 288230376151712373 1 5 0 33 3 1224979098644774912 80 100 1535 3 360287970189639897 288230376151712375 1 5 0 33 3 1224979098644774912 100 120 1535 3 360287970189639897 288230376151712385 1 5 0 33 3 1224979098644774912 120 140 1535 3 360287970189639897 288230376151712234 1 5 0 33 3 1224979098644774912 140 180 1535 3 360287970189639897 288230376151712235 1 3 0 1511 1 360287970189639897 2149 2 1224979098644774913 360287970189639897 2147483678 2 1224979098644774913 1500 2136 3 1224979098644774914 1000 1500 1 3 936748722493063608 360287970189639897 1224979098644774914 
0.300000 0.000000 100000000.000000  44 31 2 144115188075857089 0 2281 3 1224979098644774912 648518346341351604 648518346341351424 2147483680 2 1224979098644774912 1 2133 2 1224979098644774913 0 6 3 1224979098644774914 360287970189639955 360287970189639970 31 2 1224979098644774913 0 540 3 1224979098644774914 2 5 110 1 1224979098644774914 2133 2 1224979098644774913 -1 3 0 31 2 1224979098644774913 -1 2133 2 144115188075856007 -1 2133 2 144115188075857090 -1 2133 2 1224979098644774913 0 1650 2 1224979098644774915 648518346341351424 6 3 1224979098644774916 0 1224979098644774915 31 2 1224979098644774913 0 1652 3 1224979098644774917 648518346341351424 1224979098644774916 1507 1 1224979098644774917 4 0 151 2 1224979098644774917 288230376151712658 2133 2 144115188075856007 1224979098644774917 2133 2 144115188075857090 288230376151712658 2133 2 1224979098644774913 1 4 0 31 2 144115188075856007 360287970189639680 2147483758 1 360287970189639956 2133 2 1224979098644774913 0 3 0 5 0 151 2 1224979098644774917 288230376151712657 2133 2 144115188075856007 1224979098644774917 2133 2 144115188075857090 288230376151712657 2133 2 1224979098644774913 1 4 0 31 2 144115188075856007 360287970189639680 2147483758 1 360287970189639956 2133 2 1224979098644774913 0 3 0 3 0 3 0 31 2 1224979098644774913 1 32 2 144115188075856007 -1 32 2 144115188075857090 -1  11 603 1 1048576 604 1 32 4 0 31 2 144115188075856007 360287970189639680 2133 2 144115188075857089 1 2133 2 1224979098644774912 360287970189639956 5 0 2133 2 144115188075857089 2 2133 2 1224979098644774912 144115188075856007 3 0 1025 1 1224979098644774912 
0.000000 0.000000 100000000.000000  1 31 2 144115188075857089 3  2 602 1 1657324662872342628 1025 1 360287970189639889 
0.000000 0.000000 100000000.000000  3 36 1 648518346341351457 2147483758 1 360287970189639955 31 2 144115188075857155 0  1 1025 1 360287970189639751 
0.000000 0.000000 100000000.000000  4 37 1 0 31 2 144115188075857154 0 110 1 360287970189639955 540 3 360287970189639955 2 0  1 1025 1 360287970189639955 
0.000000 0.000000 100000000.000000  4 540 3 360287970189639955 2 5 2302 2 1224979098644774912 576460752303423521 1073741855 2 1224979098644774912 1 31 2 144115188075857091 2  2 2133 2 144115188075857091 2 1025 1 360287970189639955 
0.100000 23.000000 100000000.000000  3 31 2 144115188075857091 3 30 2 144115188075857065 11 110 1 360287970189639956  1 2133 2 144115188075857091 4 
0.000000 0.000000 100000000.000000  2 31 2 144115188075857139 1 110 1 360287970189639956  1 1025 1 360287970189639956 
0.100000 0.400000 100000000.000000  2 150 1 144115188075857138 31 2 144115188075857141 2  1 1025 1 360287970189639959 
0.100000 0.200000 100000000.000000  3 37 0 31 2 144115188075857129 1 31 2 144115188075857120 2  1 1025 1 360287970189639896 
1.000000 1.000000 100000000.000000  10 37 1 0 31 2 144115188075857143 8 31 2 144115188075857122 3 1 3 936748722493063602 360287970189640585 288230376151712771 1073741856 2 72057594037927936 0 150 1 288230376151712771 2302 2 1224979098644774912 576460752303423509 30 2 1224979098644774912 6 603 1 1048576 604 1 32  1 1025 1 360287970189639896 
0.000000 0.000000 100000000.000000  2 37 1 0 31 2 144115188075857144 1  1 1025 1 360287970189639959 
0.100000 0.000000 100000000.000000  15 31 2 144115188075857092 1 32 2 144115188075857271 0 2133 2 1224979098644774912 -1 11 1 1224979098644774913 31 2 1224979098644774912 -1 1609 2 1224979098644774914 1224979098644774913 31 2 1224979098644774914 576460752303423542 541 3 1224979098644774913 250 1 2281 3 1224979098644774915 144115188075857271 1224979098644774913 2147483680 2 1224979098644774915 1 1231 1 144115188075857271 1232 1 1224979098644774913 2133 2 1224979098644774912 1 3 0 31 2 1224979098644774912 1  0 
0.100000 0.000000 10.000000  6 31 2 144115188075857092 3 1608 2 1224979098644774912 648518346341351424 31 2 1224979098644774912 0 32 2 144115188075857271 0 2281 3 1224979098644774913 144115188075857271 648518346341351424 30 2 1224979098644774913 6  34 1030 3 10 1 0 2156 2 1224979098644774912 648518346341351424 1103 1 0 1100 2 648518346341351424 576460752303423543 1640 2 72057594037927936 0 1603 3 72057594037927936 65536 0 1676 2 72057594037927936 1297036692682702876 1610 3 72057594037927936 360287970189639705 1224979098644774912 1103 1 5 1100 2 648518346341351424 576460752303423521 2133 2 1224979098644774913 72057594037927936 1620 2 1224979098644774913 33 1625 2 2 648518346341351424 1640 2 1224979098644774913 6 1642 2 1224979098644774913 2 1641 2 1224979098644774913 648518346341351424 1603 3 1224979098644774913 65536 1 1603 3 1224979098644774913 512 1 1676 2 1224979098644774913 1297036692682702876 1610 3 1224979098644774913 360287970189639826 3 1610 3 1224979098644774913 360287970189639825 8 1610 3 1224979098644774913 360287970189639824 15 2133 2 144115188075857092 4 1103 1 25 6 3 1224979098644774914 0 8 1100 2 648518346341351640 576460752303423504 4 0 1608 2 1224979098644774915 72057594037927936 31 2 1224979098644774915 0 1603 3 72057594037927936 512 1 1676 2 72057594037927936 1297036692682702876 501 3 72057594037927936 144 1 3 0 3 0 
0.100000 0.000000 5.000000  11 31 2 144115188075857092 4 2133 2 1224979098644774912 -1 11 1 1224979098644774913 31 2 1224979098644774912 -1 1609 2 1224979098644774914 1224979098644774913 31 2 1224979098644774914 576460752303423521 2133 2 1224979098644774912 1224979098644774913 3 0 32 2 1224979098644774912 -1 2281 3 1224979098644774915 1224979098644774912 648518346341351424 2147483678 2 1224979098644774915 1  17 2133 2 1224979098644774912 -1 11 1 1224979098644774913 1609 2 1224979098644774914 1224979098644774913 4 0 31 2 1224979098644774914 576460752303423543 1232 1 1224979098644774913 3 0 31 2 1224979098644774914 576460752303423521 2133 2 1224979098644774912 1224979098644774913 3 0 32 2 1224979098644774912 -1 1030 3 0 0 0 1620 2 1224979098644774912 27 1640 2 1224979098644774912 4 1641 2 1224979098644774912 648518346341351424 1603 3 1224979098644774912 65536 1 1300 1 1224979098644774912 
0.000000 0.000000 100000000.000000  2 37 1 0 31 2 144115188075857092 2  14 4 0 110 1 360287970189639955 2133 2 1224979098644774912 360287970189639955 5 0 110 1 360287970189639956 2133 2 1224979098644774912 360287970189639956 5 0 110 1 360287970189639958 2133 2 1224979098644774912 360287970189639958 5 0 110 1 360287970189639959 2133 2 1224979098644774912 360287970189639959 3 0 1025 1 1224979098644774912 
0.200000 0.000000 0.000000  1 2147483798 1 288230376151712754  1 2133 2 144115188075857093 0 
0.200000 0.000000 0.000000  1 2147483798 1 288230376151712755  1 2133 2 144115188075857094 0 
0.200000 0.000000 0.000000  3 37 1 0 31 2 144115188075857093 0 150 1 288230376151712754  7 2133 2 144115188075857093 1 2133 2 144115188075857095 1 2133 2 144115188075857096 1 1520 3 360287970189639680 2 1 1106 2 1585267068834415951 4287867849 1106 2 1585267068834415952 4287867849 1120 2 1585267068834415952 1585267068834415951 
0.200000 0.000000 0.000000  2 31 2 144115188075857095 1 31 2 144115188075857093 0  8 1520 3 360287970189639680 2 -1 2133 2 144115188075857095 0 2133 2 144115188075857096 0 1106 2 1585267068834415953 4287867849 4 0 2147483679 2 144115188075857101 1 1106 2 1585267068834415954 4287867849 3 0 
0.200000 0.000000 0.000000  3 37 1 0 31 2 144115188075857094 0 150 1 288230376151712755  7 2133 2 144115188075857094 1 2133 2 144115188075857097 1 2133 2 144115188075857098 1 1520 3 360287970189639680 2 1 1106 2 1585267068834415955 4287867849 1106 2 1585267068834415952 4287867849 1120 2 1585267068834415952 1585267068834415955 
0.200000 0.000000 0.000000  2 31 2 144115188075857097 1 31 2 144115188075857094 0  8 1520 3 360287970189639680 2 -1 2133 2 144115188075857097 0 2133 2 144115188075857098 0 1106 2 1585267068834415956 4287867849 4 0 2147483679 2 144115188075857101 1 1106 2 1585267068834415954 4287867849 3 0 
0.200000 0.000000 0.000000  1 31 2 144115188075857093 0  1 2133 2 144115188075857099 0 
0.200000 0.000000 0.000000  1 31 2 144115188075857094 0  1 2133 2 144115188075857099 0 
0.200000 0.000000 0.000000  4 37 1 0 31 2 144115188075857099 0 31 2 144115188075857093 1 31 2 144115188075857094 1  12 2133 2 144115188075857099 1 2133 2 144115188075857100 1 2133 2 144115188075857101 1 1520 3 360287970189639680 2 2 2170 3 1224979098644774912 12 360287970189639680 1521 3 360287970189639680 12 2 2170 3 1224979098644774913 12 360287970189639680 2121 3 1224979098644774914 1224979098644774912 1224979098644774913 507 3 288230376151712754 44 1224979098644774914 1106 2 1585267068834415957 4287867849 1106 2 1585267068834415958 4287867849 1120 2 1585267068834415958 1585267068834415957 
0.200000 0.000000 0.000000  2 31 2 144115188075857100 1 31 2 144115188075857099 0  20 1520 3 360287970189639680 2 -2 527 3 1224979098644774912 288230376151712754 44 1521 3 360287970189639680 12 1224979098644774912 507 3 288230376151712754 44 0 2133 2 144115188075857100 0 2133 2 144115188075857101 0 4 0 31 2 144115188075857096 1 1106 2 1585267068834415959 4287867849 1106 2 1585267068834415960 4287867849 5 0 31 2 144115188075857098 1 1106 2 1585267068834415959 4287867849 1106 2 1585267068834415960 4287867849 5 0 2147483679 2 144115188075857096 1 2147483679 2 144115188075857098 1 1106 2 1585267068834415961 4287867849 1106 2 1585267068834415962 4287867849 3 0 
0.100000 0.000000 0.000000  1 2147483798 1 288230376151712765  1 2133 2 144115188075857102 0 
0.100000 0.000000 0.000000  3 37 1 0 31 2 144115188075857102 0 150 1 288230376151712765  6 2133 2 144115188075857102 1 2133 2 144115188075857103 1 2133 2 144115188075857104 1 1106 2 1585267068834415963 14487825 1106 2 1585267068834415964 16777215 1120 2 1585267068834415964 1585267068834415963 
0.100000 0.000000 0.000000  2 31 2 144115188075857103 1 31 2 144115188075857102 0  4 2133 2 144115188075857104 0 2133 2 144115188075857103 0 1106 2 1585267068834415965 14487825 1106 2 1585267068834415966 16777215 
0.100000 0.000000 0.000000  1 2147483798 1 288230376151712764  1 2133 2 144115188075857105 0 
0.100000 0.000000 0.000000  3 37 1 0 31 2 144115188075857105 0 150 1 288230376151712764  6 2133 2 144115188075857105 1 2133 2 144115188075857106 1 2133 2 144115188075857107 1 1106 2 1585267068834415967 1118685 1106 2 1585267068834415968 16777215 1120 2 1585267068834415968 1585267068834415967 
0.100000 0.000000 0.000000  2 31 2 144115188075857106 1 31 2 144115188075857105 0  4 2133 2 144115188075857107 0 2133 2 144115188075857106 0 1106 2 1585267068834415969 1118685 1106 2 1585267068834415970 16777215 
0.100000 0.000000 0.000000  1 2147483798 1 288230376151712762  1 2133 2 144115188075857108 0 
0.100000 0.000000 0.000000  3 37 1 0 31 2 144115188075857108 0 150 1 288230376151712762  6 2133 2 144115188075857108 1 2133 2 144115188075857109 1 2133 2 144115188075857110 1 1106 2 1585267068834415971 3398963 1106 2 1585267068834415972 16777215 1120 2 1585267068834415972 1585267068834415971 
0.100000 0.000000 0.000000  2 31 2 144115188075857109 1 31 2 144115188075857108 0  4 2133 2 144115188075857110 0 2133 2 144115188075857109 0 1106 2 1585267068834415973 3398963 1106 2 1585267068834415974 16777215 
0.100000 0.000000 0.000000  1 2147483798 1 288230376151712761  1 2133 2 144115188075857111 0 
0.100000 0.000000 0.000000  3 37 1 0 31 2 144115188075857111 0 150 1 288230376151712761  6 2133 2 144115188075857111 1 2133 2 144115188075857112 1 2133 2 144115188075857113 1 1106 2 1585267068834415975 16720639 1106 2 1585267068834415976 16777215 1120 2 1585267068834415976 1585267068834415975 
0.100000 0.000000 0.000000  2 31 2 144115188075857112 1 31 2 144115188075857111 0  4 2133 2 144115188075857113 0 2133 2 144115188075857112 0 1106 2 1585267068834415977 16720639 1106 2 1585267068834415978 16777215 
0.100000 0.000000 0.000000  1 2147483798 1 288230376151712763  1 2133 2 144115188075857114 0 
0.100000 0.000000 0.000000  3 37 1 0 31 2 144115188075857114 0 150 1 288230376151712763  6 2133 2 144115188075857114 1 2133 2 144115188075857115 1 2133 2 144115188075857116 1 1106 2 1585267068834415979 16763904 1106 2 1585267068834415980 16777215 1120 2 1585267068834415980 1585267068834415979 
0.500000 0.000000 0.000000  2 31 2 144115188075857115 1 31 2 144115188075857114 0  4 2133 2 144115188075857116 0 2133 2 144115188075857115 0 1106 2 1585267068834415981 16763904 1106 2 1585267068834415982 16777215 
0.200000 0.000000 0.000000  1 2147483798 1 288230376151712759  1 2133 2 144115188075857117 0 
0.200000 0.000000 0.000000  3 37 1 0 31 2 144115188075857117 0 150 1 288230376151712759  9 2133 2 144115188075857117 1 2133 2 144115188075857118 1 1520 3 360287970189639680 3 3 1107 1 0 1 2 936748722493063448 10 1107 1 1 1106 2 1585267068834415983 16763904 1106 2 1585267068834415984 16777215 1120 2 1585267068834415984 1585267068834415983 
0.100000 0.000000 0.000000  2 31 2 144115188075857118 1 31 2 144115188075857117 0  7 1520 3 360287970189639680 3 -3 1107 1 0 1 2 936748722493063448 10 1107 1 1 2133 2 144115188075857118 0 1106 2 1585267068834415985 16763904 1106 2 1585267068834415986 16777215 
0.100000 0.000000 100000000.000000  3 31 2 144115188075857119 1 2302 2 1224979098644774912 576460752303423522 30 2 1224979098644774912 1  1 2133 2 144115188075857119 2 
0.100000 0.500000 100000000.000000  4 37 0 31 2 144115188075857065 8 110 1 360287970189639955 110 1 360287970189639956  2 500 3 360287970189639955 39 1 2060 1 864691128455135491 
1.000000 0.000000 100000000.000000  5 37 0 30 2 144115188075857065 12 2302 2 1224979098644774912 576460752303423506 30 2 1224979098644774912 10 2133 2 144115188075857119 3  6 1103 1 10 1100 2 648518346341351424 576460752303423508 2133 2 1224979098644774912 72057594037927936 1640 2 1224979098644774912 4 1641 2 1224979098644774912 648518346341351424 1603 3 1224979098644774912 65536 1 
1.000000 0.000000 100000000.000000  12 37 0 30 2 144115188075857160 4 31 2 144115188075857122 3 30 2 144115188075857067 8 110 1 360287970189639957 2302 2 1224979098644774912 576460752303423507 2121 3 1224979098644774913 10 1224979098644774912 6 3 1224979098644774914 360287970189639970 360287970189639975 540 3 1224979098644774914 200 0 2133 2 1224979098644774913 99 3 0 2147483680 2 1224979098644774913 1  4 2133 2 144115188075857120 1 603 1 1048576 604 1 32 1025 1 360287970189639957 
0.300000 0.000000 100000000.000000  8 37 0 31 2 144115188075857471 0 540 3 360287970189639958 2 5 110 1 360287970189639958 31 2 144115188075857146 0 30 2 144115188075857129 3 2281 3 1224979098644774912 648518346341351450 648518346341351424 2147483680 2 1224979098644774912 5  2 2133 2 144115188075857471 1 1025 1 360287970189639958 
0.100000 30.000000 100000000.000000  3 540 3 360287970189639957 2 5 540 3 360287970189639960 2 5 540 3 360287970189639966 2 5  1 2133 2 144115188075857473 1 
1.000000 5.000000 100000000.000000  0  0 
0.100000 0.100000 100000000.000000  5 37 1 0 31 2 144115188075857092 6 31 2 144115188075857065 16 150 1 288230376151712756 31 2 144115188075856177 0  1 2060 1 864691128455135491 
0.100000 1.000000 100000000.000000  8 37 1 0 31 2 144115188075857092 7 31 2 144115188075857146 0 150 1 288230376151712756 2281 3 1224979098644774912 648518346341351424 648518346341351444 30 2 1224979098644774912 25 603 1 1048576 604 1 32  1 1025 1 360287970189639969 
0.100000 0.100000 100000000.000000  8 2147483678 2 144115188075857146 0 4 0 200 1 504403158265495563 1 3 936748722493063485 504403158265495563 0 3 0 1 2 936748722493063842 360287970189639958 2322 2 1 360287970189639958 1120 1 1585267068834415876  6 4 0 540 3 360287970189639966 2 5 2133 2 144115188075856110 0 2133 2 144115188075857467 1 1025 1 360287970189639966 3 0 
0.100000 0.300000 100000000.000000  1 2147483678 2 144115188075857146 0  3 2133 2 144115188075856110 0 2133 2 144115188075857468 1 1025 1 360287970189639957 
0.100000 0.200000 100000000.000000  5 2147483678 2 144115188075857146 0 31 2 144115188075857468 2 2133 2 144115188075856110 0 2133 2 144115188075857468 3 2060 1 864691128455135491  5 4 0 540 3 360287970189639959 2 5 2133 2 144115188075857468 4 1025 1 360287970189639959 3 0 
0.100000 0.100000 100000000.000000  3 2147483678 2 144115188075857146 0 31 2 144115188075857065 -1 540 3 360287970189639960 2 5  2 2133 2 144115188075856110 0 1025 1 360287970189639960 
0.200000 1.500000 100000000.000000  1 2147483679 2 144115188075857146 0  7 2133 2 144115188075857119 4 4 0 30 2 144115188075857146 1 2060 1 864691128455135473 5 0 2060 1 864691128455135475 3 0 
0.100000 2.000000 100000000.000000  44 31 2 144115188075857146 4 1103 1 1 1100 2 648518346341351634 576460752303423512 2133 2 1224979098644774912 72057594037927936 1640 2 1224979098644774912 0 1603 3 1224979098644774912 81920 1 1677 2 1224979098644774912 1297036692682703041 1103 1 3 1100 2 648518346341351634 576460752303423511 2133 2 1224979098644774913 72057594037927936 1640 2 1224979098644774913 10 1641 2 1224979098644774913 1224979098644774912 1603 3 1224979098644774913 81920 1 1677 2 1224979098644774913 1297036692682703043 1100 2 648518346341351634 576460752303423511 2133 2 1224979098644774914 72057594037927936 1640 2 1224979098644774914 10 1641 2 1224979098644774914 1224979098644774912 1603 3 1224979098644774914 81920 1 1677 2 1224979098644774914 1297036692682703043 1100 2 648518346341351634 576460752303423511 2133 2 1224979098644774915 72057594037927936 1640 2 1224979098644774915 10 1641 2 1224979098644774915 1224979098644774912 1603 3 1224979098644774915 81920 1 1677 2 1224979098644774915 1297036692682703043 1100 2 648518346341351634 576460752303423511 2133 2 1224979098644774916 72057594037927936 1640 2 1224979098644774916 10 1641 2 1224979098644774916 1224979098644774912 1603 3 1224979098644774916 81920 1 1677 2 1224979098644774916 1297036692682703043 1021 1 1224979098644774912 602 1 1657324662872342637 1107 1 0 6 3 1224979098644774917 0 20 1543 3 360287970189639888 1224979098644774917 -1 3 0 1530 3 360287970189639888 288230376151712234 0 1530 3 360287970189639888 288230376151712375 0 1530 3 360287970189639888 288230376151712042 0 1530 3 360287970189639888 288230376151712523 0 1530 3 360287970189639888 288230376151712608 0 1533 1 360287970189639888  4 4 0 2133 2 144115188075857119 5 900 1 1513209474796486717 3 0 
0.200000 3.000000 100000000.000000  11 31 2 144115188075857119 5 2133 2 1224979098644774912 0 11 1 1224979098644774913 31 2 1224979098644774912 0 1609 2 1224979098644774914 1224979098644774913 31 2 1224979098644774914 576460752303423512 2281 3 1224979098644774915 1224979098644774913 648518346341351444 2147483680 2 1224979098644774915 3 2133 2 1224979098644774912 1 3 0 31 2 1224979098644774912 1  10 1107 1 1 11 1 1224979098644774912 1609 2 1224979098644774913 1224979098644774912 1073741855 2 1224979098644774913 576460752303423511 31 2 1224979098644774913 576460752303423512 1640 2 1224979098644774912 4 1641 2 1224979098644774912 648518346341351444 1603 3 1224979098644774912 65536 1 501 3 1224979098644774912 8 1 3 0 
0.100000 0.100000 0.300000  7 1073741855 2 144115188075857119 5 31 2 144115188075857119 6 2204 2 1224979098644774912 648518346341351444 2147483679 2 1224979098644774912 432345564227567636 2147483679 2 1224979098644774912 432345564227567642 1680 2 1224979098644774913 648518346341351444 32 2 1224979098644774913 0  8 1 2 936748722493063355 648518346341351424 30 2 72057594037927936 2 2133 2 144115188075857119 5 1680 2 1224979098644774912 648518346341351444 32 2 1224979098644774912 0 1300 1 648518346341351444 1021 1 648518346341351424 2133 2 144115188075857119 6 
0.200000 0.000000 100000000.000000  5 1073741855 2 144115188075857119 5 31 2 144115188075857119 6 2204 2 1224979098644774912 648518346341351444 1073741855 2 1224979098644774912 432345564227567636 31 2 1224979098644774912 432345564227567642  1 2133 2 144115188075857121 -1 
0.200000 0.000000 100000000.000000  9 2147483679 2 144115188075857146 0 2204 2 1224979098644774912 648518346341351444 2301 2 1224979098644774913 576460752303423512 2301 2 1224979098644774914 576460752303423511 2105 2 1224979098644774914 1224979098644774913 1073741855 2 1224979098644774912 432345564227567629 1073741855 2 1224979098644774912 432345564227567636 1073741855 2 1224979098644774912 432345564227567642 30 2 1224979098644774914 5  41 1030 3 0 0 0 2204 2 1224979098644774912 648518346341351444 1073741855 2 1224979098644774912 432345564227567629 1073741855 2 1224979098644774912 432345564227567636 31 2 1224979098644774912 432345564227567642 11 1 1224979098644774913 1609 2 1224979098644774914 1224979098644774913 4 0 31 2 1224979098644774914 576460752303423511 4 0 1680 2 1224979098644774915 1224979098644774913 30 2 1224979098644774915 0 1666 1 1224979098644774913 3 0 2136 3 1224979098644774916 0 100 4 0 2147483678 2 1224979098644774916 40 1640 2 1224979098644774913 1 1641 2 1224979098644774913 648518346341351444 1603 3 1224979098644774913 65536 1 501 3 1224979098644774913 8 0 1660 2 1224979098644774913 648518346341351444 5 0 1232 1 1224979098644774913 3 0 1603 3 648518346341351444 2097152 1 5 0 31 2 1224979098644774914 576460752303423512 4 0 1680 2 1224979098644774915 1224979098644774913 30 2 1224979098644774915 0 1666 1 1224979098644774913 3 0 1640 2 1224979098644774913 1 1641 2 1224979098644774913 648518346341351444 1603 3 1224979098644774913 65536 1 501 3 1224979098644774913 8 0 1660 2 1224979098644774913 648518346341351444 1603 3 648518346341351444 2097152 1 3 0 3 0 
0.000000 0.000000 100000000.000000  46 37 1 0 30 2 144115188075857119 5 2147483679 2 144115188075857146 0 1073741855 2 144115188075857065 16 31 2 144115188075857065 -1 2133 2 1224979098644774912 0 4 0 30 2 144115188075857146 1 2301 2 1224979098644774913 576460752303423512 2301 2 1224979098644774914 576460752303423511 2120 3 1224979098644774915 1224979098644774914 1224979098644774913 30 2 1224979098644774915 5 2133 2 1224979098644774912 1 2133 2 144115188075857065 17 2133 2 144115188075857146 5 2272 1 1224979098644774916 2340 2 63 1224979098644774916 2320 2 63 1585267068834415104 2320 2 1 1585267068834415987 1113 4 504403158265495658 0 63 0 1113 4 504403158265495658 1 1 0 600 1 1152921504606847184 1106 2 1585267068834415107 16763904 1106 1 1585267068834414669 1290 1 504403158265495658 5 0 2147483678 2 144115188075857146 0 2204 2 1224979098644774917 648518346341351444 1073741855 2 1224979098644774917 432345564227567629 1073741855 2 1224979098644774917 432345564227567636 31 2 1224979098644774917 432345564227567642 2133 2 1224979098644774912 1 2133 2 144115188075857065 -2 2272 1 1224979098644774916 2340 2 63 1224979098644774916 2320 2 63 1585267068834415104 2320 2 1 1585267068834415438 1113 4 504403158265495658 0 63 0 1113 4 504403158265495658 1 1 0 600 1 1152921504606847184 1106 2 1585267068834415107 16763904 1106 1 1585267068834414669 1290 1 504403158265495658 3 0 31 2 1224979098644774912 1 2133 2 144115188075857119 6  5 603 1 1048576 604 1 32 1625 2 1 648518346341351444 1626 2 648518346341351424 1 1300 1 648518346341351444 
24.000000 0.000000 100000000.000000  0  0 
1.000000 0.100000 100000000.000000  7 37 1 0 31 2 144115188075857119 7 2204 2 1224979098644774912 648518346341351444 30 2 144115188075857146 1 31 2 144115188075857166 0 2147483679 2 1224979098644774912 432345564227567636 2147483679 2 1224979098644774912 432345564227567642  3 603 1 1048576 604 1 32 1025 1 360287970189639958 
0.000000 0.000000 100000000.000000  7 2147483680 2 144115188075857146 -1 31 2 144115188075857065 -4 31 2 144115188075857166 0 520 3 1224979098644774912 360287970189639973 10 30 2 1224979098644774912 0 2281 3 1224979098644774913 1224979098644774912 648518346341351424 2147483678 2 1224979098644774913 1  11 603 1 1048576 604 1 32 1530 2 360287970189639958 288230376151712169 1530 2 360287970189639958 288230376151712021 1530 2 360287970189639958 288230376151712050 1530 2 360287970189639958 288230376151712475 1530 2 360287970189639958 288230376151712584 1530 2 360287970189639958 288230376151711906 1530 2 360287970189639958 288230376151711912 1533 1 360287970189639958 2060 1 864691128455135491 
0.000000 0.000000 100000000.000000  4 37 1 0 31 2 144115188075857065 19 2301 2 1224979098644774912 576460752303423508 31 2 1224979098644774912 2  1 2060 1 864691128455135491 
0.100000 0.000000 1.000000  20 2273 0 31 2 144115188075857141 3 2147483680 2 144115188075857122 2 2133 2 144115188075857122 0 1608 2 1224979098644774912 648518346341351424 2133 2 1224979098644774913 0 4 0 31 2 144115188075857140 288230376151712763 2281 3 1224979098644774914 648518346341351525 648518346341351424 2147483680 2 1224979098644774914 20 31 2 1224979098644774912 2 2133 2 1224979098644774913 1 5 0 31 2 144115188075857140 288230376151712762 2281 3 1224979098644774914 648518346341351518 648518346341351424 2147483680 2 1224979098644774914 10 31 2 1224979098644774912 4 2133 2 1224979098644774913 1 3 0 31 2 1224979098644774913 1  4 2133 2 144115188075857122 1 600 1 1152921504606847201 1120 1 1585267068834415988 1030 3 0 5 0 
0.200000 0.000000 0.000000  1 31 2 144115188075857143 4  92 2319 1 6 2133 2 1224979098644774912 0 4 0 2133 2 1224979098644774913 0 6 3 1224979098644774914 360287970189639955 360287970189640082 2173 2 1224979098644774915 1224979098644774914 31 2 1224979098644774915 144115188075857124 520 3 1224979098644774916 1224979098644774914 22 2112 3 1224979098644774916 -10 21 2105 2 1224979098644774913 1224979098644774916 3 0 520 3 1224979098644774917 360287970189639680 7 2108 2 1224979098644774917 50 2110 2 1224979098644774917 40 2105 2 1224979098644774913 1224979098644774917 2335 2 7 144115188075857124 4 0 30 2 1224979098644774913 80 2320 2 6 1585267068834415822 5 0 30 2 1224979098644774913 40 2147483680 2 1224979098644774917 20 2320 2 6 1585267068834415823 3 0 4 0 520 3 1224979098644774918 360287970189639680 250 30 2 1224979098644774913 1224979098644774918 500 3 360287970189639680 250 1224979098644774913 4 0 2147483678 2 1224979098644774918 40 30 2 1224979098644774913 40 2133 2 1224979098644774912 1 5 0 2147483678 2 1224979098644774918 80 30 2 1224979098644774913 80 2133 2 1224979098644774912 1 3 0 3 0 3 0 4 0 2147483678 2 1224979098644774918 80 540 3 360287970189639680 251 0 2133 2 1224979098644774919 144115188075857175 2107 2 1224979098644774919 3 2120 3 1224979098644774920 1224979098644774913 1224979098644774919 30 2 1224979098644774920 80 2133 2 1224979098644774912 1 500 3 360287970189639680 251 1 3 0 31 2 1224979098644774912 1 2272 1 1224979098644774921 2340 2 63 1224979098644774921 2320 2 63 1585267068834415104 2335 2 2 144115188075857124 522 3 1224979098644774922 144115188075857124 11 2322 2 3 1224979098644774922 4 0 30 2 144115188075857175 21 2320 2 5 1585267068834415820 5 0 32 2 144115188075857175 10 2320 2 5 1585267068834415821 5 0 2319 1 5 3 0 2320 2 5 1585267068834415824 2133 2 1224979098644774923 0 4 0 1073741854 2 1224979098644774913 80 30 2 144115188075857175 21 2133 2 1224979098644774923 1 3 0 4 0 2133 2 1224979098644774919 144115188075857175 2107 2 1224979098644774919 3 2120 3 1224979098644774920 1224979098644774913 1224979098644774919 30 2 1224979098644774920 80 2133 2 1224979098644774923 1 3 0 4 0 31 2 1224979098644774923 1 2320 2 6 1585267068834415825 2320 2 5 1585267068834415826 3 0 2320 2 4 1585267068834415827 2320 2 1 1585267068834415828 1113 4 504403158265495658 0 63 0 1113 4 504403158265495658 1 1 0 600 1 1152921504606847184 1106 2 1585267068834415107 16763904 1106 1 1585267068834414678 1290 1 504403158265495658 
1.000000 0.000000 100000000.000000  1 31 2 144115188075857129 3  64 2133 2 1224979098644774912 -1 2133 2 1224979098644774913 -1 2133 2 72057594037927937 -1 2133 2 72057594037927938 -1 2133 2 72057594037927939 -1 6 3 1224979098644774914 432345564227567630 432345564227567636 31 2 72057594037927937 -1 542 3 1224979098644774914 21 0 542 3 1224979098644774914 160 0 2133 2 72057594037927937 1224979098644774914 3 0 6 3 1224979098644774914 432345564227567630 432345564227567636 31 2 72057594037927938 -1 542 3 1224979098644774914 21 0 542 3 1224979098644774914 160 0 2147483679 2 72057594037927937 1224979098644774914 2133 2 72057594037927938 1224979098644774914 3 0 6 3 1224979098644774914 432345564227567630 432345564227567636 31 2 72057594037927939 -1 542 3 1224979098644774914 21 0 542 3 1224979098644774914 160 0 2147483679 2 72057594037927937 1224979098644774914 2147483679 2 72057594037927938 1224979098644774914 2133 2 72057594037927939 1224979098644774914 3 0 2134 2 1 4 4 0 30 2 72057594037927937 0 2133 2 1224979098644774913 72057594037927937 5 0 30 2 72057594037927938 0 2133 2 1224979098644774913 72057594037927938 5 0 30 2 72057594037927939 0 2133 2 1224979098644774913 72057594037927939 3 0 4 0 31 2 1224979098644774913 432345564227567630 2133 2 1224979098644774912 288230376151712765 5 0 31 2 1224979098644774913 432345564227567631 2133 2 1224979098644774912 288230376151712762 5 0 31 2 1224979098644774913 432345564227567632 2133 2 1224979098644774912 288230376151712761 5 0 31 2 1224979098644774913 432345564227567633 2133 2 1224979098644774912 288230376151712764 3 0 2133 2 144115188075857123 1224979098644774912 2133 2 144115188075857124 1224979098644774913 502 3 144115188075857124 160 1 4 0 522 3 1224979098644774915 1224979098644774913 11 520 3 1224979098644774916 1224979098644774915 8 30 2 1224979098644774916 0 1616 3 1224979098644774916 1224979098644774915 1 1 2 936748722493063662 1224979098644774915 3 0 4 0 2147483678 2 144115188075857234 2 2133 2 144115188075857234 2 3 0 
0.400000 2.000000 100000000.000000  9 31 2 144115188075857064 11 2273 0 2270 1 1224979098644774912 520 3 1224979098644774913 360287970189639958 250 2106 2 1224979098644774912 1224979098644774913 30 2 1224979098644774912 10 1030 3 3 1 0 1021 1 648518346341351450 1560 2 360287970189639958 100  8 2133 2 144115188075857064 12 2133 2 144115188075857125 360287970189639966 2133 2 144115188075856209 648518346341351450 2133 2 144115188075856775 432345564227567630 2133 2 144115188075857088 1 2060 1 864691128455135487 47 1 360287970189639958 2133 2 144115188075857258 360287970189639958 
1.000000 0.000000 100000000.000000  7 31 2 144115188075857064 15 47 1 360287970189639680 2133 2 144115188075857258 360287970189639680 2270 1 1224979098644774912 520 3 1224979098644774913 360287970189639958 250 2106 2 1224979098644774912 1224979098644774913 30 2 1224979098644774912 5  3 1560 2 360287970189639958 100 1560 2 360287970189639966 100 2060 1 864691128455135487 
0.100000 0.000000 100000000.000000  2 31 2 144115188075857063 6 31 2 144115188075857065 4  23 2133 2 144115188075857065 5 2272 1 1224979098644774912 2340 2 63 1224979098644774912 2320 2 63 1585267068834415104 2320 2 1 1585267068834415453 1113 4 504403158265495658 0 63 0 1113 4 504403158265495658 1 1 0 600 1 1152921504606847184 1106 2 1585267068834415107 16763904 1106 1 1585267068834414669 1290 1 504403158265495658 11 1 1224979098644774913 132 1 1224979098644774913 1609 2 1224979098644774914 1224979098644774913 31 2 1224979098644774914 576460752303423497 2281 3 1224979098644774915 1224979098644774913 648518346341351444 2147483680 2 1224979098644774915 2 1232 1 1224979098644774913 3 0 6 3 1224979098644774916 0 10 1 1 936748722493063594 3 0 601 1 1657324662872342617 
0.100000 0.000000 100000000.000000  1 31 2 144115188075857141 3  10 2272 1 1224979098644774912 2340 2 63 1224979098644774912 2320 2 63 1585267068834415104 2320 2 1 1585267068834415439 1113 4 504403158265495658 0 63 0 1113 4 504403158265495658 2 1 0 600 1 1152921504606847184 1106 2 1585267068834415107 16763904 1106 1 1585267068834414669 1290 1 504403158265495658 
0.100000 0.000000 100000000.000000  1 31 2 144115188075857122 3  10 2272 1 1224979098644774912 2340 2 63 1224979098644774912 2320 2 63 1585267068834415104 2320 2 1 1585267068834415989 1113 4 504403158265495658 0 63 0 1113 4 504403158265495658 2 1 0 600 1 1152921504606847184 1106 2 1585267068834415107 16763904 1106 1 1585267068834414669 1290 1 504403158265495658 
0.000000 0.100000 100000000.000000  16 1073741855 2 144115188075857065 -5 31 2 144115188075857065 20 4 0 31 2 144115188075857065 20 520 3 1224979098644774912 360287970189639973 10 30 2 1224979098644774912 0 1669 2 1224979098644774912 1585267068834415990 1620 2 1224979098644774912 432345564227567617 1603 3 1224979098644774912 262144 1 1603 3 1224979098644774912 4194304 0 1615 3 1224979098644774912 360287970189639973 1 1 4 936748722493063427 1224979098644774912 14 648518346341351445 500 3 360287970189639973 12 648518346341351445 500 3 360287970189639973 10 -1 500 3 360287970189639973 8 -1 3 0  16 2272 1 1224979098644774912 2340 2 63 1224979098644774912 2320 2 63 1585267068834415104 2320 2 1 1585267068834415991 1113 4 504403158265495658 0 63 0 1113 4 504403158265495658 1 1 0 600 1 1152921504606847184 1106 2 1585267068834415107 16763904 1106 1 1585267068834414669 1290 1 504403158265495658 4 0 31 2 144115188075857065 -5 1 2 936748722493063464 360287970189639969 1 2 936748722493063464 360287970189639967 3 0 1120 1 1585267068834414669 
0.200000 3.000000 100000000.000000  2 1073741855 2 144115188075857065 14 31 2 144115188075857065 15  235 4 0 33 3 144115188075856283 432345564227567629 432345564227567637 2147483679 2 144115188075856283 432345564227567629 2133 2 1224979098644774912 0 2133 2 1224979098644774913 -1 6 3 1224979098644774914 432345564227567629 432345564227567637 2147483679 2 1224979098644774914 144115188075856283 2147483679 2 1224979098644774914 432345564227567629 2190 3 1224979098644774915 1224979098644774914 144115188075856283 2147483678 2 1224979098644774915 0 2105 2 1224979098644774912 1 2133 2 1224979098644774913 1224979098644774914 3 0 2133 2 1224979098644774916 -1 6 3 1224979098644774914 432345564227567629 432345564227567637 31 2 1224979098644774916 -1 2147483679 2 1224979098644774914 144115188075856283 2147483679 2 1224979098644774914 432345564227567629 2190 3 1224979098644774915 1224979098644774914 144115188075856283 30 2 1224979098644774915 0 2133 2 1224979098644774916 1224979098644774914 3 0 4 0 2147483680 2 1224979098644774912 5 2133 2 1224979098644774914 144115188075856283 2133 2 1224979098644774917 -1 2133 2 1224979098644774918 0 6 3 1224979098644774919 360287970189639955 360287970189640203 2173 2 1224979098644774920 1224979098644774919 31 2 1224979098644774914 1224979098644774920 2147484190 3 1224979098644774914 11 1224979098644774919 540 3 1224979098644774919 2 2 2147484208 3 1224979098644774919 8 0 520 3 1224979098644774921 1224979098644774919 10 30 2 1224979098644774921 0 1073742364 3 1224979098644774919 52 2 1073742364 3 1224979098644774919 52 3 1073742364 3 1224979098644774919 52 1 540 3 1224979098644774919 52 5 2105 2 1224979098644774918 1 3 0 2136 3 1224979098644774922 0 1224979098644774918 2133 2 1224979098644774918 0 6 3 1224979098644774919 360287970189639955 360287970189640203 31 2 1224979098644774917 -1 2173 2 1224979098644774920 1224979098644774919 31 2 1224979098644774914 1224979098644774920 2147484190 3 1224979098644774914 11 1224979098644774919 540 3 1224979098644774919 2 2 2147484208 3 1224979098644774919 8 0 520 3 1224979098644774921 1224979098644774919 10 30 2 1224979098644774921 0 1073742364 3 1224979098644774919 52 2 1073742364 3 1224979098644774919 52 3 1073742364 3 1224979098644774919 52 1 540 3 1224979098644774919 52 5 2105 2 1224979098644774918 1 2147483678 2 1224979098644774922 1224979098644774918 2133 2 1224979098644774917 1224979098644774919 3 0 2147483679 2 1224979098644774917 -1 1107 1 0 6 3 1224979098644774923 504403158265495552 504403158265495642 546 3 1224979098644774923 6 1224979098644774917 1 2 936748722493063557 1224979098644774923 3 0 1107 1 1 2133 2 1224979098644774924 1224979098644774917 2133 2 1224979098644774925 1224979098644774916 2133 2 1224979098644774926 576460752303423539 2133 2 1224979098644774927 3 2133 2 1224979098644774928 30 2133 2 1224979098644774929 50 2133 2 1224979098644774917 504403158265495608 2133 2 1224979098644774930 2000 506 3 1224979098644774917 3 1224979098644774925 506 3 1224979098644774917 9 1224979098644774926 506 3 1224979098644774917 10 1224979098644774927 506 3 1224979098644774917 22 1224979098644774930 506 3 1224979098644774917 23 1224979098644774928 506 3 1224979098644774917 24 1224979098644774929 506 3 1224979098644774917 11 0 506 3 1224979098644774917 6 1224979098644774924 500 3 1224979098644774924 250 1 2335 2 4 144115188075856283 2322 2 5 1224979098644774924 2272 1 1224979098644774931 2340 2 63 1224979098644774931 2320 2 63 1585267068834415104 2320 2 1 1585267068834415992 1113 4 504403158265495658 0 63 0 1113 4 504403158265495658 7 1 0 600 1 1152921504606847184 1106 2 1585267068834415107 16763904 1106 1 1585267068834414669 1290 1 504403158265495658 5 0 30 2 1224979098644774912 2 4 0 31 2 144115188075856283 432345564227567630 2133 2 1224979098644774932 648518346341351448 2133 2 1224979098644774924 360287970189640416 5 0 31 2 144115188075856283 432345564227567631 2133 2 1224979098644774932 648518346341351455 2133 2 1224979098644774924 360287970189640423 5 0 31 2 144115188075856283 432345564227567632 2133 2 1224979098644774932 648518346341351462 2133 2 1224979098644774924 360287970189640430 5 0 31 2 144115188075856283 432345564227567633 2133 2 1224979098644774932 648518346341351446 2133 2 1224979098644774924 360287970189640414 3 0 2133 2 1224979098644774914 144115188075856283 2133 2 1224979098644774917 -1 2133 2 1224979098644774918 0 6 3 1224979098644774919 360287970189639955 360287970189640203 2173 2 1224979098644774920 1224979098644774919 31 2 1224979098644774914 1224979098644774920 2147484190 3 1224979098644774914 11 1224979098644774919 540 3 1224979098644774919 2 2 2147484208 3 1224979098644774919 8 0 520 3 1224979098644774921 1224979098644774919 10 30 2 1224979098644774921 0 1073742364 3 1224979098644774919 52 2 1073742364 3 1224979098644774919 52 3 1073742364 3 1224979098644774919 52 1 540 3 1224979098644774919 52 5 2105 2 1224979098644774918 1 3 0 2136 3 1224979098644774922 0 1224979098644774918 2133 2 1224979098644774918 0 6 3 1224979098644774919 360287970189639955 360287970189640203 31 2 1224979098644774917 -1 2173 2 1224979098644774920 1224979098644774919 31 2 1224979098644774914 1224979098644774920 2147484190 3 1224979098644774914 11 1224979098644774919 540 3 1224979098644774919 2 2 2147484208 3 1224979098644774919 8 0 520 3 1224979098644774921 1224979098644774919 10 30 2 1224979098644774921 0 1073742364 3 1224979098644774919 52 2 1073742364 3 1224979098644774919 52 3 1073742364 3 1224979098644774919 52 1 540 3 1224979098644774919 52 5 2105 2 1224979098644774918 1 2147483678 2 1224979098644774922 1224979098644774918 2133 2 1224979098644774917 1224979098644774919 3 0 2147483679 2 1224979098644774917 -1 2133 2 1224979098644774933 1224979098644774917 2133 2 1224979098644774914 1224979098644774913 2133 2 1224979098644774917 -1 2133 2 1224979098644774918 0 6 3 1224979098644774919 360287970189639955 360287970189640203 2173 2 1224979098644774920 1224979098644774919 31 2 1224979098644774914 1224979098644774920 2147484190 3 1224979098644774914 11 1224979098644774919 540 3 1224979098644774919 2 2 2147484208 3 1224979098644774919 8 0 520 3 1224979098644774921 1224979098644774919 10 30 2 1224979098644774921 0 1073742364 3 1224979098644774919 52 2 1073742364 3 1224979098644774919 52 3 1073742364 3 1224979098644774919 52 1 540 3 1224979098644774919 52 5 2105 2 1224979098644774918 1 3 0 2136 3 1224979098644774922 0 1224979098644774918 2133 2 1224979098644774918 0 6 3 1224979098644774919 360287970189639955 360287970189640203 31 2 1224979098644774917 -1 2173 2 1224979098644774920 1224979098644774919 31 2 1224979098644774914 1224979098644774920 2147484190 3 1224979098644774914 11 1224979098644774919 540 3 1224979098644774919 2 2 2147484208 3 1224979098644774919 8 0 520 3 1224979098644774921 1224979098644774919 10 30 2 1224979098644774921 0 1073742364 3 1224979098644774919 52 2 1073742364 3 1224979098644774919 52 3 1073742364 3 1224979098644774919 52 1 540 3 1224979098644774919 52 5 2105 2 1224979098644774918 1 2147483678 2 1224979098644774922 1224979098644774918 2133 2 1224979098644774917 1224979098644774919 3 0 2147483679 2 1224979098644774917 -1 2133 2 1224979098644774934 1224979098644774917 1107 1 0 6 3 1224979098644774923 504403158265495552 504403158265495642 546 3 1224979098644774923 6 1224979098644774924 1 2 936748722493063557 1224979098644774923 3 0 1107 1 1 2133 2 1224979098644774935 1224979098644774933 2133 2 1224979098644774925 1224979098644774913 2133 2 1224979098644774936 144115188075856283 2133 2 1224979098644774930 12000 2133 2 1224979098644774937 6000 2133 2 1224979098644774928 30 2133 2 1224979098644774929 30 2133 2 1224979098644774917 504403158265495585 506 3 1224979098644774917 2 1224979098644774934 506 3 1224979098644774917 4 1224979098644774935 506 3 1224979098644774917 3 1224979098644774925 506 3 1224979098644774917 15 1224979098644774936 506 3 1224979098644774917 7 1224979098644774932 506 3 1224979098644774917 22 1224979098644774930 506 3 1224979098644774917 19 1224979098644774937 506 3 1224979098644774917 23 1224979098644774928 506 3 1224979098644774917 24 1224979098644774929 506 3 1224979098644774917 11 0 506 3 1224979098644774917 6 1224979098644774924 506 3 1224979098644774917 12 1224979098644774932 500 3 1224979098644774924 250 1 2330 2 4 1224979098644774932 2322 2 5 1224979098644774924 2272 1 1224979098644774931 2340 2 63 1224979098644774931 2320 2 63 1585267068834415104 2320 2 1 1585267068834415992 1113 4 504403158265495658 0 63 0 1113 4 504403158265495658 7 1 0 600 1 1152921504606847184 1106 2 1585267068834415107 16763904 1106 1 1585267068834414669 1290 1 504403158265495658 3 0 5 0 2133 2 144115188075857064 10 1025 1 360287970189639958 3 0 
1.000000 0.000000 0.000000  7 31 2 144115188075857064 20 540 3 360287970189639966 2 5 2147483758 1 360287970189639966 520 3 1224979098644774912 360287970189639966 250 2106 2 1224979098644774912 1 500 3 360287970189639966 250 1224979098644774912 2147483680 2 1224979098644774912 0  3 2270 1 1224979098644774912 500 3 360287970189639966 250 1224979098644774912 1025 1 360287970189639966 
0.100000 0.400000 0.500000  2 31 2 144115188075857474 2 2147483679 2 144115188075856279 1  17 2133 2 144115188075857474 0 6 3 1224979098644774912 0 50 520 3 1224979098644774913 360287970189640604 1224979098644774912 32 2 1224979098644774913 0 2147483758 1 1224979098644774913 2133 2 144115188075857150 1 1610 3 648518346341351424 1224979098644774913 1 2133 2 144115188075857150 0 2322 2 1 1224979098644774913 1106 2 1585267068834414967 3407718 2133 2 72057594037927941 1 3 0 6 3 1224979098644774912 0 50 500 3 360287970189640604 1224979098644774912 0 500 3 360287970189640603 1224979098644774912 0 3 0 600 1 1152921504606847161 
0.200000 0.200000 100000000.000000  3 30 2 144115188075857119 7 2302 2 1224979098644774912 576460752303423510 30 2 1224979098644774912 1  2 2133 2 144115188075857126 1 2060 1 864691128455135474 
0.200000 0.000000 100000000.000000  3 31 2 144115188075857223 1 2302 2 1224979098644774912 576460752303423510 30 2 1224979098644774912 6  1 2133 2 144115188075857127 1 
0.200000 0.000000 100000000.000000  3 31 2 144115188075857223 1 2302 2 1224979098644774912 576460752303423510 30 2 1224979098644774912 12  1 2133 2 144115188075857128 1 
0.000000 0.000000 100000000.000000  4 31 2 144115188075857065 13 30 2 144115188075857129 1 2302 2 1224979098644774912 576460752303423513 31 2 1224979098644774912 1  16 1 4 936748722493063807 360287970189639680 288230376151712482 0 1 4 936748722493063807 360287970189639680 288230376151712768 0 507 3 288230376151712768 1 1 2133 2 144115188075857129 3 2272 1 1224979098644774912 2340 2 63 1224979098644774912 2320 2 63 1585267068834415104 2320 2 1 1585267068834415993 2320 2 2 1585267068834415941 1113 4 504403158265495658 0 63 0 1113 4 504403158265495658 1 1 0 1113 4 504403158265495658 4 2 0 600 1 1152921504606847184 1106 2 1585267068834415107 16763904 1106 1 1585267068834414669 1290 1 504403158265495658 
0.200000 0.000000 100000000.000000  4 30 2 144115188075857119 7 30 2 144115188075857146 1 2302 2 1224979098644774912 576460752303423514 30 2 1224979098644774912 5  1 1 4 936748722493063807 360287970189639680 288230376151712588 0 
0.200000 0.000000 100000000.000000  4 30 2 144115188075857119 7 30 2 144115188075857146 1 2302 2 1224979098644774912 576460752303423516 30 2 1224979098644774912 5  1 1 4 936748722493063807 360287970189639680 288230376151712482 0 
0.200000 0.000000 100000000.000000  4 30 2 144115188075857119 7 30 2 144115188075857146 1 2302 2 1224979098644774912 576460752303423515 30 2 1224979098644774912 5  1 1 4 936748722493063807 360287970189639680 288230376151712483 0 
0.100000 0.100000 100000000.000000  8 30 2 144115188075857063 6 1671 2 72057594037927937 648518346341351424 32 2 72057594037927937 144115188075857396 2293 2 1224979098644774912 648518346341351424 31 2 1224979098644774912 4 2294 2 1224979098644774913 648518346341351424 2281 3 1224979098644774914 1224979098644774913 648518346341351424 30 2 1224979098644774914 5  7 4 0 541 3 648518346341351424 89 1 5 0 2320 2 1 144115188075857410 600 1 1152921504606847185 1120 1 1585267068834415994 3 0 
0.100000 0.100000 100000000.000000  13 30 2 144115188075857063 6 2133 2 1224979098644774912 0 11 1 1224979098644774913 31 2 1224979098644774912 0 2147483681 3 1224979098644774913 648518346341351445 648518346341351593 2281 3 1224979098644774914 1224979098644774913 648518346341351424 33 3 1224979098644774914 6 8 2204 2 1224979098644774915 1224979098644774913 2190 3 1224979098644774916 1224979098644774915 432345564227567628 2147483678 2 1224979098644774916 0 2133 2 1224979098644774912 1 3 0 31 2 1224979098644774912 1  7 4 0 541 3 648518346341351424 143 1 5 0 2320 2 1 144115188075857412 600 1 1152921504606847185 1120 1 1585267068834415995 3 0 
0.100000 0.100000 100000000.000000  15 30 2 144115188075857063 6 30 2 144115188075857478 1 31 2 144115188075857480 1 2133 2 1224979098644774912 0 11 1 1224979098644774913 31 2 1224979098644774912 0 2147483681 3 1224979098644774913 648518346341351445 648518346341351593 2281 3 1224979098644774914 1224979098644774913 648518346341351424 2147483680 2 1224979098644774914 5 2204 2 1224979098644774915 1224979098644774913 2190 3 1224979098644774916 1224979098644774915 432345564227567628 2147483678 2 1224979098644774916 0 2133 2 1224979098644774912 1 3 0 31 2 1224979098644774912 1  1 1120 1 1585267068834415996 
0.000000 0.000000 0.100000  38 31 2 144115188075857063 1 2147483678 2 144115188075857065 4 200 1 504403158265495647 2301 2 1224979098644774912 576460752303423496 2147483678 2 1224979098644774912 6 4 0 32 2 144115188075857130 0 1601 2 1224979098644774913 144115188075857130 2121 3 1224979098644774914 15 1224979098644774913 32 2 1224979098644774914 0 1610 3 144115188075857130 360287970189639831 1224979098644774914 5 0 1103 1 0 4 0 2310 2 1224979098644774915 576460752303423496 2147483680 2 1224979098644774915 1 1100 2 648518346341351635 576460752303423496 1603 3 72057594037927936 16384 1 1100 2 648518346341351636 576460752303423496 1603 3 72057594037927936 16384 1 3 0 1100 2 648518346341351444 576460752303423497 2133 2 144115188075857130 72057594037927936 1620 2 144115188075857130 432345564227567628 1612 2 144115188075857130 360287970189639895 3 0 1560 2 360287970189639895 100 1625 2 1 648518346341351635 1640 2 144115188075857130 6 1642 2 144115188075857130 1 1641 2 144115188075857130 648518346341351635 1603 3 144115188075857130 65536 0 1603 3 144115188075857130 16384 1 501 3 144115188075857130 5 648518346341351635 1230 1 648518346341351424 1021 1 144115188075857130 2133 2 144115188075857063 2 2060 1 864691128455135481  0 
1.000000 0.000000 0.000000  17 32 2 144115188075857130 0 1073741855 2 144115188075857063 4 31 2 144115188075857063 2 1625 2 1 144115188075857130 1626 2 648518346341351424 1 2175 3 1224979098644774912 360287970189639680 1 1601 2 1224979098644774913 144115188075857130 1650 2 1224979098644774914 144115188075857130 2133 2 1224979098644774915 0 6 3 1224979098644774916 0 1224979098644774914 1654 3 1224979098644774917 144115188075857130 1224979098644774916 2105 2 1224979098644774915 1224979098644774917 3 0 2106 2 1224979098644774913 1224979098644774915 1073741855 2 144115188075857063 4 3221225504 2 1224979098644774912 15 2147483680 2 1224979098644774913 9  9 1625 2 1 648518346341351444 1640 2 144115188075857130 6 1642 2 144115188075857130 1 1641 2 144115188075857130 648518346341351444 1603 3 144115188075857130 65536 1 4 0 2147483678 2 144115188075857065 4 2133 2 144115188075857063 3 3 0 
1.000000 0.000000 1.000000  63 31 2 144115188075857063 2 32 2 144115188075857130 0 4 0 2133 2 1224979098644774912 0 11 1 1224979098644774913 132 1 1224979098644774913 1609 2 1224979098644774914 1224979098644774913 31 2 1224979098644774914 576460752303423496 2281 3 1224979098644774915 1224979098644774913 648518346341351635 2147483680 2 1224979098644774915 5 2133 2 1224979098644774912 1 3 0 31 2 1224979098644774912 0 521 3 1224979098644774916 144115188075857130 5 2281 3 1224979098644774915 144115188075857130 1224979098644774916 2147483680 2 1224979098644774915 2 4 0 31 2 1224979098644774916 648518346341351635 2133 2 1224979098644774917 648518346341351636 5 0 2133 2 1224979098644774917 648518346341351635 3 0 1625 2 1 1224979098644774917 1640 2 144115188075857130 6 1642 2 144115188075857130 1 1641 2 144115188075857130 1224979098644774917 1603 3 144115188075857130 65536 0 501 3 144115188075857130 5 1224979098644774917 3 0 4 0 2310 2 1224979098644774918 576460752303423496 2147483680 2 1224979098644774918 1 2281 3 1224979098644774919 144115188075857130 648518346341351635 2281 3 1224979098644774920 144115188075857130 648518346341351636 4 0 2147483678 2 1224979098644774920 1224979098644774919 2133 2 1224979098644774921 648518346341351635 5 0 2133 2 1224979098644774921 648518346341351636 3 0 1100 2 1224979098644774921 576460752303423496 1603 3 72057594037927936 16384 1 3 0 11 1 1224979098644774913 132 1 1224979098644774913 1609 2 1224979098644774914 1224979098644774913 31 2 1224979098644774914 576460752303423496 4 0 2281 3 1224979098644774915 1224979098644774913 648518346341351635 30 2 1224979098644774915 25 2133 2 1224979098644774922 648518346341351635 5 0 2281 3 1224979098644774915 1224979098644774913 648518346341351636 30 2 1224979098644774915 25 2133 2 1224979098644774922 648518346341351636 3 0 1625 2 1 1224979098644774922 1628 3 2 1 2 1640 2 1224979098644774913 6 1642 2 1224979098644774913 2 1641 2 1224979098644774913 1224979098644774922 1603 3 1224979098644774913 65536 1 3 0  0 
0.000000 0.000000 0.000000  4 1073741855 2 144115188075857063 2 1073741855 2 144115188075857063 3 31 2 144115188075857063 4 1030 3 1 2 0  0 
0.000000 0.000000 0.000000  5 1073741855 2 144115188075857063 3 31 2 144115188075857063 4 32 2 144115188075857130 0 2281 3 1224979098644774912 144115188075857130 648518346341351444 2147483680 2 1224979098644774912 1  19 1231 1 648518346341351424 1021 1 648518346341351424 2175 2 1224979098644774912 360287970189639680 2111 2 1224979098644774912 50 1560 2 360287970189639680 1224979098644774912 1625 2 1 648518346341351444 1626 2 648518346341351424 1 4 0 2147483680 2 144115188075857063 3 2133 2 144115188075857063 0 5 0 1232 1 144115188075857130 2133 2 144115188075857130 -1 3 0 4 0 30 2 144115188075857130 0 1 2 936748722493063329 144115188075857130 3 0 1300 1 648518346341351444 
0.100000 0.000000 100000000.000000  3 150 1 288230376151712773 2281 3 1224979098644774912 648518346341351424 648518346341351639 2147483680 2 1224979098644774912 1  1 1231 1 648518346341351639 
0.100000 1.000000 1.000000  31 30 2 144115188075857063 6 4 0 30 2 144115188075857146 0 1270 3 432345564227567636 432345564227567628 -15 1270 3 432345564227567642 432345564227567628 -15 3 0 2319 1 3 1601 2 1224979098644774912 648518346341351424 1 2 936748722493063816 360287970189639680 2121 3 1224979098644774913 1224979098644774912 72057594037927936 4 0 32 2 1224979098644774913 1 2322 2 3 360287970189639680 3 0 2133 2 1224979098644774914 0 6 3 1224979098644774915 360287970189639955 360287970189639970 540 3 1224979098644774915 2 5 520 3 1224979098644774916 1224979098644774915 10 32 2 1224979098644774916 0 1601 2 1224979098644774912 1224979098644774916 1 2 936748722493063816 1224979098644774915 2121 3 1224979098644774914 1224979098644774912 72057594037927936 4 0 32 2 1224979098644774914 1 2322 2 1 1224979098644774915 2320 2 3 1585267068834415997 3 0 3 0 1073741856 2 1224979098644774913 1 32 2 1224979098644774914 1 1120 1 1585267068834415998  7 1 3 936748722493063809 648518346341351424 360287970189639680 6 3 1224979098644774912 360287970189639955 360287970189639970 540 3 1224979098644774912 2 5 520 3 1224979098644774913 1224979098644774912 10 32 2 1224979098644774913 0 1 3 936748722493063809 1224979098644774913 1224979098644774912 3 0 
