0
0
0
0
0
0
0
0
0
0
0
0
0
0
0
0
0
0
0
0
0
0
0
0
0
0
0
0
0
0
0
0
0
0
0
0
0
0
0
0
0
0
0
0
0
0
0
0
0
0
0
0
0
0
0
0
0
0
0
0
0
0
0
0
0
0
0
0
0
0
0
0
0
0
0
0
0
0
0
0
0
0
0
0
0
0
0
0
0
0
0
0
0
0
0
0
0
0
0
0
5
1
5
3
2
1
1
1
5
5
6
5
4
5
10
2032
12
403
139
22
67
107
6
1
15
26
5
5
1
2
1
2
1
1
7
257
41
30
1
8
9
49
1
1
1
19
12
4
5
51
5
6
95
6
5
4
4
1
1
15
3
14
24
6
1
1
6
1
9
4
1
4
3
8
3
10
2
5
6
1
3
2
3
3
3
1
1
8
1
2
4
17
3
7
33
2
47
1
16
5
3
1
17
1
12
6
12
1
161
2
2
16
17
10
10
10
5
3
1
18
2
1
7
3
17
1
5
4
4
4
8
3
8
2
2
9
14
6
308
1
1
5
1
1
1
1
4
1
6
3
3
3
3
3
24
1
1
3
10
4
4
2
17
2
2
3
3
3
22
16
3
1
1
1
2
2
2
8
2
1
1
1
1
49
4
8
2
1
2
22
326
1
4
30
23
10
5
7
5
3
17
5
2
21
16
7
3
17
6
15
9
3
84
41
7
6
6
19
5
1
3
2
1
1
1
8
1
1
1
2
5
2
1
2
5
6
6
603
9
24
2
17
2
2
3
1
11
3
1
12
1
1
4
6
3
2
2
1
2
1
6
1
1
2
8
4
1
2
8
10
6
2
2
1
11
2
4
4
2
4
3
1
16
4
4
4
4
4
1
15
3
6
1
1
1
5
4
739
1
1
11
1
58
2
12
2
13
22
4
41
3
585
2
1
1
1
2
1
1
1
1
26
26
11
2
3
26
14
26
10
2
2
9
9
3
9
13
4
6
1
7
1
1
1
1
1
1
2
5
2
2
12
1
1
1
1
1
1
1
1
1
5
24
2
2
2
2
2
1
13
1
1
1
1
1
1
1
8
1
1
1
1
1
1
10
8
291
8
16
8
2
1
1
20
1
1
2
2
1
1
1
8
12
37
35
8
4
35
9
6
11
2
1
1
9
3
12
10
19
15
16
17
16
10
8
17
10
6
49
52
1
1
1
1
1
1
1
1
1
2
3
2
4
3
3
3
3
3
3
5
5
4
4
3
3
3
3
3
3
3
8
6
9
3
3
3
10
3
3
3
3
3
3
3
3
3
3
3
3
3
11
3
3
3
3
35
6
6
2
3
6
2
6
2
3
2
1
1
3
14
3
6
2
6
2
6
2
6
2
6
2
6
2
6
2
6
2
6
2
3
3
1
1
1
1
7
5
4
4
1
1
1
1
1
39
23
6
3
1
4
1
1
4
4
18
12
13
7
5
4
1
3
2
3
3
3
4
4
6
4
4
4
3
3
1
3
4
3
14
3
3
3
3
3
3
1
2
3
3
2
2
4
1
3
2
2
3
3
2
2
1
3
3
4
2
3
3
3
3
2
2
2
2
2
2
2
3
3
2
2
2
2
2
2
3
3
2
2
2
2
3
3
2
2
2
2
3
3
2
2
2
2
3
3
2
2
15
2
4
3
3
1
2
2
1
5
5
5
5
5
5
5
5
5
18
18
18
18
18
18
18
18
18
1
19
13
4
4
4
4
19
13
4
4
4
4
19
13
4
4
4
4
19
13
4
4
4
4
19
13
4
4
4
4
19
13
4
4
4
4
19
13
4
4
4
4
19
13
4
4
4
4
19
13
4
4
4
4
9
7
7
7
4
4
4
4
2
2
2
2
2
2
2
3
3
3
3
3
3
3
3
3
3
3
3
5
9
10
9
36
4
4
4
5
5
6
4
2
2
2
2
6
6
6
5
3
3
2
2
2
6
2
1
2
12
2
33
14
21
21
3
3
10
7
18
18
26
26
18
8
6
6
6
6
5
22
9
4
4
12
11
11
22
155
32
4
22
2
9
18
35
32
2
2
1
8
9
10
9
27
17
5
3
8
2
1
1
1
1
2
4
1
3
1
3
6
2
11
2
2
2
3
3
4
1
3
12
8
2
2
2
17
13
3
3
4
3
2
6
5
4
1
2
6
1
4
2
2
9
1
2
2
2
1
1
4
4
8
6
1
2
27
2
4
1
2
1
1
1
1
29
78
26
2
1
1
2
2
22
9
11
11
8
2
2
2
2
1
16
5
1
6
20
11
1
2
10
10
9
9
8
4
8
10
6
7
3
1
2
1
1
2
1
11
11
7
7
2
2
3
2
3
12
5
5
2
2
1
1
2
5
17
16
4
9
11
4
1
2
4
13
5
9
6
7
2
8
8
28
28
27
28
28
27
11
4
11
4
11
4
11
4
11
4
11
4
6
2
6
2
2
2
7
5
8
14
6
5
3
3
1
1
1
1
1
1
1
1
1
1
1
1
1
2
1
1
1
1
4
1
1
1
2
1
2
18
1
15
1
6
6
6
6
6
6
8
2
3
9
3
6
10
5
7
1
3
1
1
1
1
1
1
1
1
1
1
1
3
4
8
3
6
1
15
3
4
2
9
1
1
1
8
2
2
3
1
3
6
1
5
1
1
4
4
1
4
5
2
2
46
3
60
48
161
11
14
28
4
2
1
2
4
2
1
1
1
1
1
6
2
2
2
6
9
5
3
24
96
27
12
33
4
4
1
6
1
6
2
1
6
2
1
7
2
1
7
2
1
9
2
1
8
2
1
43
5
1
66
4
2
11
7
61
43
1
1
1
8
47
4
4
5
15
5
6
2
54
5
14
16
1
57
8
1
108
6
9
4
2
1
1
4
3
4
1
1
18
2
17
2
2
3
1
3
3
6
2
2
2
2
2
7
2
28
1
3
1
1
2
8
6
2
2
4
15
2
1
25
8
1
3
6
1
1
1
2
2
11
8
2
1
1
2
1
1
4
4
9
7
7
2
2
2
13
14
2
10
22
5
3
3
5
1
3
5
2
4
2
1
3
2
3
5
4
1
6
1
1
2
1
3
1
1
9
2
2
4
2
5
7
13
3
1
1
1
3
1876
65
65
65
65
65
65
65
65
65
1
2
9
12
3
3
3
3
3
3
3
3
3
3
148
24
78
78
240
39
119
9
695
117
312
2
2
78
5
5
5
5
5
5
5
1
1
39
69
69
69
69
69
69
69
69
69
6
6
6
6
6
6
6
6
6
16
16
16
16
16
8
10
4
4
2
2
3
7
21
1
7
15
1
7
18
2
5
3
16
14
6
383
70
98
68
6
69
84
35
37
140
43
44
42
33
21
46
60
59
49
25
8
10
9
2
4
1
42
83
66
57
3
23
3
4
9
1
1
4
4
4
4
4
4
6
6
11
8
10
2
5
3
11
2
4
3
57
3
31
6
2
4
3
4
235
5
25
3
32
32
2
2
2
5
1
179
1
1
1
2
2
5
2
40
3
1
1
1
1
1
1
1
1
2
1
2
1
13
13
13
13
13
13
13
13
13
10
3
12
10
3
2
4
8
21
41
1
8
1
6
6
2
2
5
2
9
0
0
11
7
1
2
2
2
469
2
4
1
3
