partiesfile version 1
455 455
 1 0 0 p_main_party Main_Party 00000000000001048576 0 0 25 0 0 0 0 0 17.000000 52.500000 17.000000 52.500000 17.000000 52.500000 0.0 1 0 1 0 0 
0.000000
 1 1 1 p_temp_party {!}temp_party 00000000000000000256 0 0 1 0 0 0 0 0 0.000000 0.000000 0.000000 0.000000 0.000000 0.000000 0.0 0 
0.000000
 1 2 2 p_camp_bandits {!}camp_bandits 00000000000000000256 0 0 2 0 0 0 0 0 1.000000 1.000000 1.000000 1.000000 1.000000 1.000000 0.0 1 3 3 0 0 
0.000000
 1 3 3 p_temp_party_2 {!}temp_party_2 00000000000000000256 0 0 1 0 0 0 0 0 0.000000 0.000000 0.000000 0.000000 0.000000 0.000000 0.0 0 
0.000000
 1 4 4 p_temp_casualties {!}casualties 00000000000000000256 0 0 3 0 0 0 0 0 1.000000 1.000000 1.000000 1.000000 1.000000 1.000000 0.0 0 
0.000000
 1 5 5 p_temp_casualties_2 {!}casualties 00000000000000000256 0 0 3 0 0 0 0 0 1.000000 1.000000 1.000000 1.000000 1.000000 1.000000 0.0 0 
0.000000
 1 6 6 p_temp_casualties_3 {!}casualties 00000000000000000256 0 0 3 0 0 0 0 0 1.000000 1.000000 1.000000 1.000000 1.000000 1.000000 0.0 0 
0.000000
 1 7 7 p_temp_wounded {!}enemies_wounded 00000000000000000256 0 0 3 0 0 0 0 0 1.000000 1.000000 1.000000 1.000000 1.000000 1.000000 0.0 0 
0.000000
 1 8 8 p_temp_killed {!}enemies_killed 00000000000000000256 0 0 3 0 0 0 0 0 1.000000 1.000000 1.000000 1.000000 1.000000 1.000000 0.0 0 
0.000000
 1 9 9 p_main_party_backup {!}_ 00000000000000000256 0 0 3 0 0 0 0 0 1.000000 1.000000 1.000000 1.000000 1.000000 1.000000 0.0 0 
0.000000
 1 10 10 p_encountered_party_backup {!}_ 00000000000000000256 0 0 3 0 0 0 0 0 1.000000 1.000000 1.000000 1.000000 1.000000 1.000000 0.0 0 
0.000000
 1 11 11 p_collective_friends_backup {!}_ 00000000000000000256 0 0 3 0 0 0 0 0 1.000000 1.000000 1.000000 1.000000 1.000000 1.000000 0.0 0 
0.000000
 1 12 12 p_player_casualties {!}_ 00000000000000000256 0 0 3 0 0 0 0 0 1.000000 1.000000 1.000000 1.000000 1.000000 1.000000 0.0 0 
0.000000
 1 13 13 p_enemy_casualties {!}_ 00000000000000000256 0 0 3 0 0 0 0 0 1.000000 1.000000 1.000000 1.000000 1.000000 1.000000 0.0 0 
0.000000
 1 14 14 p_ally_casualties {!}_ 00000000000000000256 0 0 3 0 0 0 0 0 1.000000 1.000000 1.000000 1.000000 1.000000 1.000000 0.0 0 
0.000000
 1 15 15 p_collective_enemy {!}collective_enemy 00000000000000000256 0 0 3 0 0 0 0 0 1.000000 1.000000 1.000000 1.000000 1.000000 1.000000 0.0 0 
0.000000
 1 16 16 p_collective_ally {!}collective_ally 00000000000000000256 0 0 3 0 0 0 0 0 1.000000 1.000000 1.000000 1.000000 1.000000 1.000000 0.0 0 
0.000000
 1 17 17 p_collective_friends {!}collective_ally 00000000000000000256 0 0 3 0 0 0 0 0 1.000000 1.000000 1.000000 1.000000 1.000000 1.000000 0.0 0 
0.000000
 1 18 18 p_total_enemy_casualties {!}_ 00000000000000000256 0 0 3 0 0 0 0 0 1.000000 1.000000 1.000000 1.000000 1.000000 1.000000 0.0 0 
0.000000
 1 19 19 p_routed_enemies {!}routed_enemies 00000000000000000256 0 0 3 0 0 0 0 0 1.000000 1.000000 1.000000 1.000000 1.000000 1.000000 0.0 0 
0.000000
 1 20 20 p_zendar Zendar 00000000000002114828 0 0 3 0 0 0 0 0 18.000000 60.000000 18.000000 60.000000 18.000000 60.000000 0.0 0 
0.000000
 1 21 21 p_town_1 YLSL 00000000000004219969 0 0 3 0 0 0 0 0 177.130000 52.980000 177.130000 52.980000 177.130000 52.980000 0.0 0 
0.000000
 1 22 22 p_town_2 AK 00000000000004219969 0 0 3 0 0 0 0 0 182.350000 43.340000 182.350000 43.340000 182.350000 43.340000 0.0 0 
0.000000
 1 23 23 p_town_3 NKXY 00000000000004219969 0 0 3 0 0 0 0 0 198.980000 9.170000 198.980000 9.170000 198.980000 9.170000 0.0 0 
0.000000
 1 24 24 p_town_4 ATK 00000000000004219969 0 0 3 0 0 0 0 0 172.240000 13.200000 172.240000 13.200000 172.240000 13.200000 0.0 0 
0.000000
 1 25 25 p_town_5 SMN 00000000000004219968 0 0 3 0 0 0 0 0 222.710000 -5.230000 222.710000 -5.230000 222.710000 -5.230000 0.0 0 
0.000000
 1 26 26 p_town_6 KLS 00000000000004219916 0 0 3 0 0 0 0 0 208.200000 -14.710000 208.200000 -14.710000 208.200000 -14.710000 0.0 0 
0.000000
 1 27 27 p_town_7 NXY 00000000000004219916 0 0 3 0 0 0 0 0 209.020000 -25.670000 209.020000 -25.670000 209.020000 -25.670000 0.0 0 
0.000000
 1 28 28 p_town_8 JSTDB 00000000000004219916 0 0 3 0 0 0 0 0 224.690000 -30.630000 224.690000 -30.630000 224.690000 -30.630000 0.0 0 
0.000000
 1 29 29 p_town_9 YD 00000000000004219916 0 0 3 0 0 0 0 0 249.130000 -3.750000 249.130000 -3.750000 249.130000 -3.750000 0.0 0 
0.000000
 1 30 30 p_town_10 WLD 00000000000004219916 0 0 3 0 0 0 0 0 257.280000 -66.000000 257.280000 -66.000000 257.280000 -66.000000 0.0 0 
0.000000
 1 31 31 p_town_11 STML 00000000000004219916 0 0 3 0 0 0 0 0 275.200000 -70.070000 275.200000 -70.070000 275.200000 -70.070000 0.0 0 
0.000000
 1 32 32 p_town_12 SGLB 00000000000004219916 0 0 3 0 0 0 0 0 278.600000 -49.770000 278.600000 -49.770000 278.600000 -49.770000 0.0 0 
0.000000
 1 33 33 p_town_13 FLJMR 00000000000004219916 0 0 3 0 0 0 0 0 188.050000 -132.330000 188.050000 -132.330000 188.050000 -132.330000 0.0 0 
0.000000
 1 34 34 p_town_14 JF 00000000000004219916 0 0 3 0 0 0 0 0 218.670000 -99.640000 218.670000 -99.640000 218.670000 -99.640000 0.0 0 
0.000000
 1 35 35 p_town_15 QTNKF 00000000000004219916 0 0 3 0 0 0 0 0 220.180000 -118.670000 220.180000 -118.670000 220.180000 -118.670000 0.0 0 
0.000000
 1 36 36 p_town_16 SSMSK 00000000000004219916 0 0 3 0 0 0 0 0 219.610000 -134.400000 219.610000 -134.400000 219.610000 -134.400000 0.0 0 
0.000000
 1 37 37 p_town_17 YK 00000000000004219916 0 0 3 0 0 0 0 0 184.620000 -7.800000 184.620000 -7.800000 184.620000 -7.800000 0.0 0 
0.000000
 1 38 38 p_town_18 AKL 00000000000004219916 0 0 3 0 0 0 0 0 184.470000 -24.630000 184.470000 -24.630000 184.470000 -24.630000 0.0 0 
0.000000
 1 39 39 p_town_19 TLBS 00000000000004219968 0 0 3 0 0 0 0 0 169.590000 -36.640000 169.590000 -36.640000 169.590000 -36.640000 0.0 0 
0.000000
 1 40 40 p_town_20 DBLS 00000000000004219968 0 0 3 0 0 0 0 0 113.930000 18.110000 113.930000 18.110000 113.930000 18.110000 0.0 0 
0.000000
 1 41 41 p_town_21 BGD 00000000000004219968 0 0 3 0 0 0 0 0 130.470000 40.320000 130.470000 40.320000 130.470000 40.320000 0.0 0 
0.000000
 1 42 42 p_town_22 YLSD 00000000000004219969 0 0 3 0 0 0 0 0 220.180000 57.980000 220.180000 57.980000 220.180000 57.980000 0.0 0 
0.000000
 1 43 43 p_town_23 YBKT 00000000000004219969 0 0 3 0 0 0 0 0 203.320000 62.390000 203.320000 62.390000 203.320000 62.390000 0.0 0 
0.000000
 1 44 44 p_town_24 KL 00000000000004219969 0 0 3 0 0 0 0 0 211.240000 91.260000 211.240000 91.260000 211.240000 91.260000 0.0 0 
0.000000
 1 45 45 p_town_25 DMSG 00000000000004219968 0 0 3 0 0 0 0 0 160.420000 18.710000 160.420000 18.710000 160.420000 18.710000 0.0 0 
0.000000
 1 46 46 p_town_26 XRJ 00000000000004219968 0 0 3 0 0 0 0 0 34.270000 124.830000 34.270000 124.830000 34.270000 124.830000 0.0 0 
0.000000
 1 47 47 p_town_27 HZF 00000000000004219968 0 0 3 0 0 0 0 0 20.110000 46.150000 20.110000 46.150000 20.110000 46.150000 0.0 0 
0.000000
 1 48 48 p_town_28 HSHED 00000000000004219968 0 0 3 0 0 0 0 0 -55.610000 11.380000 -55.610000 11.380000 -55.610000 11.380000 0.0 0 
0.000000
 1 49 49 p_town_29 HCR 00000000000004219968 0 0 3 0 0 0 0 0 -72.920000 2.390000 -72.920000 2.390000 -72.920000 2.390000 0.0 0 
0.000000
 1 50 50 p_town_30 NMB 00000000000004219965 0 0 3 0 0 0 0 0 -167.160000 -48.660000 -167.160000 -48.660000 -167.160000 -48.660000 0.0 0 
0.000000
 1 51 51 p_town_31 KLB 00000000000004219965 0 0 3 0 0 0 0 0 -233.900000 -30.060000 -233.900000 -30.060000 -233.900000 -30.060000 0.0 0 
0.000000
 1 52 52 p_town_32 WLBT 00000000000004219965 0 0 3 0 0 0 0 0 -246.310000 -59.240000 -246.310000 -59.240000 -246.310000 -59.240000 0.0 0 
0.000000
 1 53 53 p_town_33 MRQB 00000000000004219965 0 0 3 0 0 0 0 0 -224.230000 -67.650000 -224.230000 -67.650000 -224.230000 -67.650000 0.0 0 
0.000000
 1 54 54 p_town_34 QYB 00000000000004219965 0 0 3 0 0 0 0 0 -275.010000 -51.800000 -275.010000 -51.800000 -275.010000 -51.800000 0.0 0 
0.000000
 1 55 55 p_town_35 HRSC 00000000000004219965 0 0 3 0 0 0 0 0 -292.840000 -67.200000 -292.840000 -67.200000 -292.840000 -67.200000 0.0 0 
0.000000
 1 56 56 p_town_36 XL 00000000000004219920 0 0 3 0 0 0 0 0 -225.200000 48.200000 -225.200000 48.200000 -225.200000 48.200000 0.0 0 
0.000000
 1 57 57 p_town_37 XQF 00000000000004219920 0 0 3 0 0 0 0 0 -246.430000 10.170000 -246.430000 10.170000 -246.430000 10.170000 0.0 0 
0.000000
 1 58 58 p_town_38 HUININGFU 00000000000004219920 0 0 3 0 0 0 0 0 -373.620000 -68.400000 -373.620000 -68.400000 -373.620000 -68.400000 0.0 0 
0.000000
 1 59 59 p_town_39 LIAOYANFU 00000000000004219920 0 0 3 0 0 0 0 0 -356.140000 -33.780000 -356.140000 -33.780000 -356.140000 -33.780000 0.0 0 
-0.807494
 1 60 60 p_town_40 DADINGFU 00000000000004219920 0 0 3 0 0 0 0 0 -333.530000 -32.830000 -333.530000 -32.830000 -333.530000 -32.830000 0.0 0 
0.000000
 1 61 61 p_town_41 ZHONGDU 00000000000004219920 0 0 3 0 0 0 0 0 -316.820000 -4.670000 -316.820000 -4.670000 -316.820000 -4.670000 0.0 0 
0.000000
 1 62 62 p_town_42 DATONGFU 00000000000004219920 0 0 3 0 0 0 0 0 -287.140000 -12.980000 -287.140000 -12.980000 -287.140000 -12.980000 0.0 0 
0.000000
 1 63 63 p_town_43 HEJIANFU 00000000000004219920 0 0 3 0 0 0 0 0 -315.030000 6.830000 -315.030000 6.830000 -315.030000 6.830000 0.0 0 
0.000000
 1 64 64 p_town_44 DAMINFU 00000000000004219920 0 0 3 0 0 0 0 0 -313.500000 19.680000 -313.500000 19.680000 -313.500000 19.680000 0.0 0 
0.000000
 1 65 65 p_town_45 KAIFENGFU 00000000000004219918 0 0 3 0 0 0 0 0 -309.380000 30.860000 -309.380000 30.860000 -309.380000 30.860000 0.0 0 
0.000000
 1 66 66 p_town_46 JINZHAOFU 00000000000004219920 0 0 3 0 0 0 0 0 -277.970000 36.640000 -277.970000 36.640000 -277.970000 36.640000 0.0 0 
0.000000
 1 67 67 p_town_47 YANANFU 00000000000004219920 0 0 3 0 0 0 0 0 -279.540000 19.680000 -279.540000 19.680000 -279.540000 19.680000 0.0 0 
0.000000
 1 68 68 p_town_48 XINYUANFU 00000000000004219920 0 0 3 0 0 0 0 0 -265.550000 53.240000 -265.550000 53.240000 -265.550000 53.240000 0.0 0 
0.000000
 1 69 69 p_town_49 CHENGDUFU 00000000000004219920 0 0 3 0 0 0 0 0 -266.680000 82.270000 -266.680000 82.270000 -266.680000 82.270000 0.0 0 
0.000000
 1 70 70 p_town_50 JINJIANGFU 00000000000004219920 0 0 3 0 0 0 0 0 -301.590000 78.330000 -301.590000 78.330000 -301.590000 78.330000 0.0 0 
0.000000
 1 71 71 p_town_51 GUANGZHOU 00000000000004219921 0 0 3 0 0 0 0 0 -326.610000 138.880000 -326.610000 138.880000 -326.610000 138.880000 0.0 0 
0.000000
 1 72 72 p_town_52 JIANLIN 00000000000004219920 0 0 3 0 0 0 0 0 -323.490000 84.780000 -323.490000 84.780000 -323.490000 84.780000 0.0 0 
0.000000
 1 73 73 p_town_53 LINANFU 00000000000004219919 0 0 3 0 0 0 0 0 -357.580000 78.110000 -357.580000 78.110000 -357.580000 78.110000 0.0 0 
0.000000
 1 74 74 p_town_54 XIAYAN 00000000000004219920 0 0 3 0 0 0 0 0 -324.440000 72.110000 -324.440000 72.110000 -324.440000 72.110000 0.0 0 
0.000000
 1 75 75 p_town_55 LUZHOU 00000000000004219920 0 0 3 0 0 0 0 0 -340.690000 67.020000 -340.690000 67.020000 -340.690000 67.020000 0.0 0 
0.000000
 1 76 76 p_town_56 JIANKAN 00000000000004219921 0 0 3 0 0 0 0 0 -345.880000 68.960000 -345.880000 68.960000 -345.880000 68.960000 0.0 0 
0.000000
 1 77 77 p_town_57 YANZHOU 00000000000004219920 0 0 3 0 0 0 0 0 -348.220000 62.360000 -348.220000 62.360000 -348.220000 62.360000 0.0 0 
0.000000
 1 78 78 p_town_58 YLJC 00000000000004219916 0 0 3 0 0 0 0 0 50.970000 15.350000 50.970000 15.350000 50.970000 15.350000 0.0 0 
0.000000
 1 79 79 p_town_59 KF 00000000000004219916 0 0 3 0 0 0 0 0 77.580000 86.070000 77.580000 86.070000 77.580000 86.070000 0.0 0 
0.000000
 1 80 80 p_town_60 YSFH 00000000000004219916 0 0 3 0 0 0 0 0 40.580000 77.060000 40.580000 77.060000 40.580000 77.060000 0.0 0 
0.000000
 1 81 81 p_town_61 MSKT 00000000000004219916 0 0 3 0 0 0 0 0 19.100000 128.520000 19.100000 128.520000 19.100000 128.520000 0.0 0 
0.000000
 1 82 82 p_town_62 KLQ 00000000000004219916 0 0 3 0 0 0 0 0 -13.060000 139.040000 -13.060000 139.040000 -13.060000 139.040000 0.0 0 
0.000000
 1 83 83 p_town_63 MDN 00000000000004219916 0 0 3 0 0 0 0 0 127.470000 116.140000 127.470000 116.140000 127.470000 116.140000 0.0 0 
0.000000
 1 84 84 p_town_64 MJ 00000000000004219916 0 0 3 0 0 0 0 0 123.010000 134.530000 123.010000 134.530000 123.010000 134.530000 0.0 0 
0.000000
 1 85 85 p_town_65 JJF 00000000000004219920 0 0 3 0 0 0 0 0 -305.170000 112.250000 -305.170000 112.250000 -305.170000 112.250000 0.0 0 
0.000000
 1 86 86 p_castle_1 DDS 00000000000004215889 0 0 3 0 0 0 0 0 173.910000 18.590000 173.910000 18.590000 173.910000 18.590000 0.0 0 
0.000000
 1 87 87 p_castle_2 TRSS 00000000000004215889 0 0 3 0 0 0 0 0 181.070000 3.020000 181.070000 3.020000 181.070000 3.020000 0.0 0 
0.000000
 1 88 88 p_castle_3 ALB 00000000000004215889 0 0 3 0 0 0 0 0 169.680000 9.150000 169.680000 9.150000 169.680000 9.150000 0.0 0 
0.000000
 1 89 89 p_castle_4 ADS 00000000000004215889 0 0 3 0 0 0 0 0 157.450000 11.620000 157.450000 11.620000 157.450000 11.620000 0.0 0 
0.000000
 1 90 90 p_castle_5 ASKL 00000000000004215889 0 0 3 0 0 0 0 0 163.760000 0.500000 163.760000 0.500000 163.760000 0.500000 0.0 0 
0.000000
 1 91 91 p_castle_6 YSPRT 00000000000004215889 0 0 3 0 0 0 0 0 203.720000 -4.090000 203.720000 -4.090000 203.720000 -4.090000 0.0 0 
0.000000
 1 92 92 p_castle_7 TYTR 00000000000004215889 0 0 3 0 0 0 0 0 218.080000 -20.770000 218.080000 -20.770000 218.080000 -20.770000 0.0 0 
0.000000
 1 93 93 p_castle_8 YDMT 00000000000004215889 0 0 3 0 0 0 0 0 224.370000 -24.120000 224.370000 -24.120000 224.370000 -24.120000 0.0 0 
0.000000
 1 94 94 p_castle_9 BJLST 00000000000004215889 0 0 3 0 0 0 0 0 230.510000 -42.750000 230.510000 -42.750000 230.510000 -42.750000 0.0 0 
0.000000
 1 95 95 p_castle_10 ADLAB 00000000000004215889 0 0 3 0 0 0 0 0 238.160000 -34.550000 238.160000 -34.550000 238.160000 -34.550000 0.0 0 
0.000000
 1 96 96 p_castle_11 JLBY 00000000000004215889 0 0 3 0 0 0 0 0 240.700000 -27.250000 240.700000 -27.250000 240.700000 -27.250000 0.0 0 
0.000000
 1 97 97 p_castle_12 SFY 00000000000004215889 0 0 3 0 0 0 0 0 245.320000 -32.690000 245.320000 -32.690000 245.320000 -32.690000 0.0 0 
0.000000
 1 98 98 p_castle_13 SSLNK 00000000000004215889 0 0 3 0 0 0 0 0 250.480000 -17.920000 250.480000 -17.920000 250.480000 -17.920000 0.0 0 
0.000000
 1 99 99 p_castle_14 BEGLD 00000000000004215889 0 0 3 0 0 0 0 0 255.450000 -28.890000 255.450000 -28.890000 255.450000 -28.890000 0.0 0 
0.000000
 1 100 100 p_castle_15 DLZ 00000000000004215889 0 0 3 0 0 0 0 0 280.760000 -21.270000 280.760000 -21.270000 280.760000 -21.270000 0.0 0 
0.000000
 1 101 101 p_castle_16 SMTL 00000000000004215889 0 0 3 0 0 0 0 0 250.920000 5.370000 250.920000 5.370000 250.920000 5.370000 0.0 0 
0.000000
 1 102 102 p_castle_17 YX 00000000000004215889 0 0 3 0 0 0 0 0 233.390000 -60.810000 233.390000 -60.810000 233.390000 -60.810000 0.0 0 
0.000000
 1 103 103 p_castle_18 ARBYL 00000000000004215889 0 0 3 0 0 0 0 0 243.670000 -71.140000 243.670000 -71.140000 243.670000 -71.140000 0.0 0 
0.000000
 1 104 104 p_castle_19 PTKB 00000000000004215889 0 0 3 0 0 0 0 0 269.120000 -79.950000 269.120000 -79.950000 269.120000 -79.950000 0.0 0 
0.000000
 1 105 105 p_castle_20 KLM 00000000000004215889 0 0 3 0 0 0 0 0 287.630000 -81.750000 287.630000 -81.750000 287.630000 -81.750000 0.0 0 
0.000000
 1 106 106 p_castle_21 BLDSLF 00000000000004215889 0 0 3 0 0 0 0 0 288.430000 -66.840000 288.430000 -66.840000 288.430000 -66.840000 0.0 0 
0.000000
 1 107 107 p_castle_22 SKSBB 00000000000004215889 0 0 3 0 0 0 0 0 273.730000 -45.230000 273.730000 -45.230000 273.730000 -45.230000 0.0 0 
0.000000
 1 108 108 p_castle_23 BLPR 00000000000004215889 0 0 3 0 0 0 0 0 290.280000 -40.020000 290.280000 -40.020000 290.280000 -40.020000 0.0 0 
0.000000
 1 109 109 p_castle_24 BKB 00000000000004215889 0 0 3 0 0 0 0 0 219.150000 -68.660000 219.150000 -68.660000 219.150000 -68.660000 0.0 0 
0.000000
 1 110 110 p_castle_25 RTME 00000000000004215889 0 0 3 0 0 0 0 0 277.260000 -96.480000 277.260000 -96.480000 277.260000 -96.480000 0.0 0 
0.000000
 1 111 111 p_castle_26 LWF 00000000000004215889 0 0 3 0 0 0 0 0 236.580000 -115.870000 236.580000 -115.870000 236.580000 -115.870000 0.0 0 
0.000000
 1 112 112 p_castle_27 LZK 00000000000004215889 0 0 3 0 0 0 0 0 231.250000 -124.840000 231.250000 -124.840000 231.250000 -124.840000 0.0 0 
0.000000
 1 113 113 p_castle_28 XNFGD 00000000000004215889 0 0 3 0 0 0 0 0 203.500000 -112.740000 203.500000 -112.740000 203.500000 -112.740000 0.0 0 
0.000000
 1 114 114 p_castle_29 PNYSL 00000000000004215889 0 0 3 0 0 0 0 0 194.060000 -108.880000 194.060000 -108.880000 194.060000 -108.880000 0.0 0 
0.000000
 1 115 115 p_castle_30 KRSK 00000000000004215889 0 0 3 0 0 0 0 0 202.140000 -73.280000 202.140000 -73.280000 202.140000 -73.280000 0.0 0 
0.000000
 1 116 116 p_castle_31 BRGLD 00000000000004215889 0 0 3 0 0 0 0 0 204.860000 -47.650000 204.860000 -47.650000 204.860000 -47.650000 0.0 0 
0.000000
 1 117 117 p_castle_32 XRDBSK 00000000000004215889 0 0 3 0 0 0 0 0 164.380000 -99.130000 164.380000 -99.130000 164.380000 -99.130000 0.0 0 
0.000000
 1 118 118 p_castle_33 LZ 00000000000004215889 0 0 3 0 0 0 0 0 182.870000 -120.380000 182.870000 -120.380000 182.870000 -120.380000 0.0 0 
0.000000
 1 119 119 p_castle_34 XNP 00000000000004215889 0 0 3 0 0 0 0 0 192.670000 -33.350000 192.670000 -33.350000 192.670000 -33.350000 0.0 0 
0.000000
 1 120 120 p_castle_35 KSLY 00000000000004215889 0 0 3 0 0 0 0 0 175.820000 -21.910000 175.820000 -21.910000 175.820000 -21.910000 0.0 0 
0.000000
 1 121 121 p_castle_36 ALW 00000000000004215889 0 0 3 0 0 0 0 0 136.200000 19.000000 136.200000 19.000000 136.200000 19.000000 0.0 0 
0.000000
 1 122 122 p_castle_37 DYBDR 00000000000004215889 0 0 3 0 0 0 0 0 172.680000 -12.970000 172.680000 -12.970000 172.680000 -12.970000 0.0 0 
0.000000
 1 123 123 p_castle_38 MSR 00000000000004215889 0 0 3 0 0 0 0 0 154.480000 -2.720000 154.480000 -2.720000 154.480000 -2.720000 0.0 0 
0.000000
 1 124 124 p_castle_39 KRMSH 00000000000004215889 0 0 3 0 0 0 0 0 150.800000 -21.090000 150.800000 -21.090000 150.800000 -21.090000 0.0 0 
0.000000
 1 125 125 p_castle_40 SLZ 00000000000004215889 0 0 3 0 0 0 0 0 44.920000 98.000000 44.920000 98.000000 44.920000 98.000000 0.0 0 
0.000000
 1 126 126 p_castle_41 JS 00000000000004215889 0 0 3 0 0 0 0 0 187.600000 64.750000 187.600000 64.750000 187.600000 64.750000 0.0 0 
0.000000
 1 127 127 p_castle_42 ALB 00000000000004215889 0 0 3 0 0 0 0 0 165.900000 7.230000 165.900000 7.230000 165.900000 7.230000 0.0 0 
0.000000
 1 128 128 p_castle_43 KLK 00000000000004215889 0 0 3 0 0 0 0 0 156.340000 60.940000 156.340000 60.940000 156.340000 60.940000 0.0 0 
0.000000
 1 129 129 p_castle_44 BSL 00000000000004215889 0 0 3 0 0 0 0 0 87.920000 92.440000 87.920000 92.440000 87.920000 92.440000 0.0 0 
0.000000
 1 130 130 p_castle_45 TMG 00000000000004215889 0 0 3 0 0 0 0 0 -15.210000 62.570000 -15.210000 62.570000 -15.210000 62.570000 0.0 0 
0.000000
 1 131 131 p_castle_46 TCS 00000000000004215889 0 0 3 0 0 0 0 0 -6.940000 0.430000 -6.940000 0.430000 -6.940000 0.430000 0.0 0 
0.000000
 1 132 132 p_castle_47 YEQ 00000000000004215889 0 0 3 0 0 0 0 0 -59.810000 59.970000 -59.810000 59.970000 -59.810000 59.970000 0.0 0 
0.000000
 1 133 133 p_castle_48 YML 00000000000004215889 0 0 3 0 0 0 0 0 -107.010000 -7.200000 -107.010000 -7.200000 -107.010000 -7.200000 0.0 0 
0.000000
 1 134 134 p_castle_49 HZ 00000000000004215889 0 0 3 0 0 0 0 0 -96.860000 4.440000 -96.860000 4.440000 -96.860000 4.440000 0.0 0 
0.000000
 1 135 135 p_castle_50 HML 00000000000004215889 0 0 3 0 0 0 0 0 -123.390000 -0.110000 -123.390000 -0.110000 -123.390000 -0.110000 0.0 0 
0.000000
 1 136 136 p_castle_51 ALT 00000000000004215870 0 0 3 0 0 0 0 0 -187.450000 -38.390000 -187.450000 -38.390000 -187.450000 -38.390000 0.0 0 
0.000000
 1 137 137 p_castle_52 TTRB 00000000000004215870 0 0 3 0 0 0 0 0 -322.040000 -73.200000 -322.040000 -73.200000 -322.040000 -73.200000 0.0 0 
0.000000
 1 138 138 p_castle_53 SZ1 00000000000004215889 0 0 3 0 0 0 0 0 -139.000000 27.360000 -139.000000 27.360000 -139.000000 27.360000 0.0 0 
0.000000
 1 139 139 p_castle_54 XH 00000000000004215889 0 0 3 0 0 0 0 0 -170.810000 34.600000 -170.810000 34.600000 -170.810000 34.600000 0.0 0 
0.000000
 1 140 140 p_castle_55 XZ 00000000000004215889 0 0 3 0 0 0 0 0 -269.100000 9.950000 -269.100000 9.950000 -269.100000 9.950000 0.0 0 
0.000000
 1 141 141 p_castle_56 XIANPINFU 00000000000004215821 0 0 3 0 0 0 0 0 -270.490000 33.100000 -270.490000 33.100000 -270.490000 33.100000 0.0 0 
-2.128627
 1 142 142 p_castle_57 LINHUANFU 00000000000004215821 0 0 3 0 0 0 0 0 -338.140000 -51.910000 -338.140000 -51.910000 -338.140000 -51.910000 0.0 0 
1.131937
 1 143 143 p_castle_58 HENZHOU 00000000000004215826 0 0 3 0 0 0 0 0 -350.500000 -69.650000 -350.500000 -69.650000 -350.500000 -69.650000 0.0 0 
0.000000
 1 144 144 p_castle_59 ZUOZHOU 00000000000004219917 0 0 3 0 0 0 0 0 -292.450000 -35.090000 -292.450000 -35.090000 -292.450000 -35.090000 0.0 0 
-0.604846
 1 145 145 p_castle_60 FENGZHOU 00000000000004215821 0 0 3 0 0 0 0 0 -296.780000 -8.480000 -296.780000 -8.480000 -296.780000 -8.480000 0.0 0 
-1.129089
 1 146 146 p_castle_61 TAIYUAN 00000000000004215826 0 0 3 0 0 0 0 0 -284.790000 16.140000 -284.790000 16.140000 -284.790000 16.140000 0.0 0 
0.000000
 1 147 147 p_castle_62 YIDU 00000000000004215826 0 0 3 0 0 0 0 0 -317.400000 60.830000 -317.400000 60.830000 -317.400000 60.830000 0.0 0 
0.000000
 1 148 148 p_castle_63 SHUZHOU 00000000000004215826 0 0 3 0 0 0 0 0 -289.960000 28.170000 -289.960000 28.170000 -289.960000 28.170000 0.0 0 
0.000000
 1 149 149 p_castle_64 XUZHOU 00000000000004215826 0 0 3 0 0 0 0 0 -335.930000 49.060000 -335.930000 49.060000 -335.930000 49.060000 0.0 0 
0.000000
 1 150 150 p_castle_65 HENANFU 00000000000004215826 0 0 3 0 0 0 0 0 -342.160000 16.010000 -342.160000 16.010000 -342.160000 16.010000 0.0 0 
0.000000
 1 151 151 p_castle_66 QINYAN 00000000000004215826 0 0 3 0 0 0 0 0 -298.460000 39.880000 -298.460000 39.880000 -298.460000 39.880000 0.0 0 
0.000000
 1 152 152 p_castle_67 LINZHAO 00000000000004215826 0 0 3 0 0 0 0 0 -349.170000 48.780000 -349.170000 48.780000 -349.170000 48.780000 0.0 0 
0.000000
 1 153 153 p_castle_68 LANZHOU 00000000000004215826 0 0 3 0 0 0 0 0 -365.260000 7.250000 -365.260000 7.250000 -365.260000 7.250000 0.0 0 
0.000000
 1 154 154 p_castle_69 JUNZHOU 00000000000004215826 0 0 3 0 0 0 0 0 -333.600000 76.880000 -333.600000 76.880000 -333.600000 76.880000 0.0 0 
0.000000
 1 155 155 p_castle_70 TONGCHUAN 00000000000004215821 0 0 3 0 0 0 0 0 -290.690000 64.250000 -290.690000 64.250000 -290.690000 64.250000 0.0 0 
-1.303599
 1 156 156 p_castle_71 JIADING 00000000000004215826 0 0 3 0 0 0 0 0 -289.880000 101.010000 -289.880000 101.010000 -289.880000 101.010000 0.0 0 
0.000000
 1 157 157 p_castle_72 YIZHOU 00000000000004215826 0 0 3 0 0 0 0 0 -300.270000 120.930000 -300.270000 120.930000 -300.270000 120.930000 0.0 0 
0.000000
 1 158 158 p_castle_73 QUANZHOU 00000000000004215826 0 0 3 0 0 0 0 0 -347.520000 124.270000 -347.520000 124.270000 -347.520000 124.270000 0.0 0 
0.000000
 1 159 159 p_castle_74 FUZHOU 00000000000004215826 0 0 3 0 0 0 0 0 -358.660000 114.170000 -358.660000 114.170000 -358.660000 114.170000 0.0 0 
0.000000
 1 160 160 p_castle_75 HONGZHOU 00000000000004215826 0 0 3 0 0 0 0 0 -341.830000 100.700000 -341.830000 100.700000 -341.830000 100.700000 0.0 0 
0.000000
 1 161 161 p_castle_76 JIANZHOU 00000000000004215826 0 0 3 0 0 0 0 0 -329.020000 90.720000 -329.020000 90.720000 -329.020000 90.720000 0.0 0 
0.000000
 1 162 162 p_castle_77 SHAOXIN 00000000000004215826 0 0 3 0 0 0 0 0 -360.630000 71.540000 -360.630000 71.540000 -360.630000 71.540000 0.0 0 
0.000000
 1 163 163 p_castle_78 SHUZHOU 00000000000004215826 0 0 3 0 0 0 0 0 -346.960000 65.940000 -346.960000 65.940000 -346.960000 65.940000 0.0 0 
0.000000
 1 164 164 p_castle_79 SHOUCUN 00000000000004219917 0 0 3 0 0 0 0 0 -263.430000 39.480000 -263.430000 39.480000 -263.430000 39.480000 0.0 0 
-2.201698
 1 165 165 p_castle_80 SANYAN 00000000000004215826 0 0 3 0 0 0 0 0 -349.360000 82.860000 -349.360000 82.860000 -349.360000 82.860000 0.0 0 
0.000000
 1 166 166 p_castle_81 BC 00000000000004215889 0 0 3 0 0 0 0 0 33.670000 40.830000 33.670000 40.830000 33.670000 40.830000 0.0 0 
0.000000
 1 167 167 p_castle_82 KQKL 00000000000004215889 0 0 3 0 0 0 0 0 44.290000 37.960000 44.290000 37.960000 44.290000 37.960000 0.0 0 
0.000000
 1 168 168 p_castle_83 DMG 00000000000004215889 0 0 3 0 0 0 0 0 61.110000 48.790000 61.110000 48.790000 61.110000 48.790000 0.0 0 
0.000000
 1 169 169 p_castle_84 KRM 00000000000004215889 0 0 3 0 0 0 0 0 45.660000 52.860000 45.660000 52.860000 45.660000 52.860000 0.0 0 
0.000000
 1 170 170 p_castle_85 KRM 00000000000004215889 0 0 3 0 0 0 0 0 104.050000 77.050000 104.050000 77.050000 104.050000 77.050000 0.0 0 
0.000000
 1 171 171 p_castle_86 JRKK 00000000000004215889 0 0 3 0 0 0 0 0 154.310000 -13.250000 154.310000 -13.250000 154.310000 -13.250000 0.0 0 
0.000000
 1 172 172 p_castle_87 KM 00000000000004215889 0 0 3 0 0 0 0 0 119.200000 54.680000 119.200000 54.680000 119.200000 54.680000 0.0 0 
0.000000
 1 173 173 p_castle_88 BM 00000000000004215889 0 0 3 0 0 0 0 0 91.500000 71.580000 91.500000 71.580000 91.500000 71.580000 0.0 0 
0.000000
 1 174 174 p_castle_89 SN 00000000000004215889 0 0 3 0 0 0 0 0 137.010000 82.210000 137.010000 82.210000 137.010000 82.210000 0.0 0 
0.000000
 1 175 175 p_castle_90 KDH 00000000000004215889 0 0 3 0 0 0 0 0 -67.980000 94.130000 -67.980000 94.130000 -67.980000 94.130000 0.0 0 
0.000000
 1 176 176 p_castle_91 HLT 00000000000004215889 0 0 3 0 0 0 0 0 -44.910000 78.950000 -44.910000 78.950000 -44.910000 78.950000 0.0 0 
0.000000
 1 177 177 p_castle_92 AM 00000000000004215889 0 0 3 0 0 0 0 0 139.150000 66.180000 139.150000 66.180000 139.150000 66.180000 0.0 0 
0.000000
 1 178 178 p_castle_93 LEIZHOU 00000000000004215826 0 0 3 0 0 0 0 0 -304.250000 150.340000 -304.250000 150.340000 -304.250000 150.340000 0.0 0 
0.000000
 1 179 179 p_castle_94 YONGZHOU 00000000000004215821 0 0 3 0 0 0 0 0 -253.270000 71.810000 -253.270000 71.810000 -253.270000 71.810000 0.0 0 
1.133382
 1 180 180 p_castle_95 QINZHOU 00000000000004215826 0 0 3 0 0 0 0 0 -286.000000 141.710000 -286.000000 141.710000 -286.000000 141.710000 0.0 0 
0.000000
 1 181 181 p_castle_96 LINYAOFU 00000000000004215826 0 0 3 0 0 0 0 0 -245.470000 34.750000 -245.470000 34.750000 -245.470000 34.750000 0.0 0 
0.000000
 1 182 182 p_castle_97 DINGZHOU 00000000000004215826 0 0 3 0 0 0 0 0 -253.910000 -9.110000 -253.910000 -9.110000 -253.910000 -9.110000 0.0 0 
0.000000
 1 183 183 p_castle_98 YUMENGUAN 00000000000004215826 0 0 3 0 0 0 0 0 -126.680000 35.080000 -126.680000 35.080000 -126.680000 35.080000 0.0 0 
0.000000
 1 184 184 p_village_1 AKL 00000000000002114626 0 0 3 0 0 0 0 0 182.080000 30.860000 182.080000 30.860000 182.080000 30.860000 0.0 0 
0.000000
 1 185 185 p_village_2 LMSR 00000000000002114626 0 0 3 0 0 0 0 0 194.590000 8.710000 194.590000 8.710000 194.590000 8.710000 0.0 0 
0.000000
 1 186 186 p_village_3 FMGST 00000000000002114626 0 0 3 0 0 0 0 0 192.750000 0.280000 192.750000 0.280000 192.750000 0.280000 0.0 0 
0.000000
 1 187 187 p_village_4 BRBK 00000000000002114626 0 0 3 0 0 0 0 0 179.380000 24.140000 179.380000 24.140000 179.380000 24.140000 0.0 0 
0.000000
 1 188 188 p_village_5 TRLS 00000000000002114626 0 0 3 0 0 0 0 0 179.200000 11.120000 179.200000 11.120000 179.200000 11.120000 0.0 0 
0.000000
 1 189 189 p_village_6 SLXY 00000000000002114626 0 0 3 0 0 0 0 0 197.420000 -3.080000 197.420000 -3.080000 197.420000 -3.080000 0.0 0 
0.000000
 1 190 190 p_village_7 YFS 00000000000002114626 0 0 3 0 0 0 0 0 218.000000 -7.730000 218.000000 -7.730000 218.000000 -7.730000 0.0 0 
0.000000
 1 191 191 p_village_8 ML 00000000000002114626 0 0 3 0 0 0 0 0 213.970000 -4.480000 213.970000 -4.480000 213.970000 -4.480000 0.0 0 
0.000000
 1 192 192 p_village_9 SLMY 00000000000002114626 0 0 3 0 0 0 0 0 202.540000 -5.390000 202.540000 -5.390000 202.540000 -5.390000 0.0 0 
0.000000
 1 193 193 p_village_10 PJM 00000000000002114626 0 0 3 0 0 0 0 0 216.220000 -13.140000 216.220000 -13.140000 216.220000 -13.140000 0.0 0 
0.000000
 1 194 194 p_village_11 KZKR 00000000000002114626 0 0 3 0 0 0 0 0 223.120000 -24.000000 223.120000 -24.000000 223.120000 -24.000000 0.0 0 
0.000000
 1 195 195 p_village_12 HLKLY 00000000000002114626 0 0 3 0 0 0 0 0 202.670000 -33.100000 202.670000 -33.100000 202.670000 -33.100000 0.0 0 
0.000000
 1 196 196 p_village_13 NKMDY 00000000000002114626 0 0 3 0 0 0 0 0 208.020000 -26.830000 208.020000 -26.830000 208.020000 -26.830000 0.0 0 
0.000000
 1 197 197 p_village_14 DRQS 00000000000002114626 0 0 3 0 0 0 0 0 229.630000 -44.750000 229.630000 -44.750000 229.630000 -44.750000 0.0 0 
0.000000
 1 198 198 p_village_15 SKPY 00000000000002114626 0 0 3 0 0 0 0 0 257.450000 -25.660000 257.450000 -25.660000 257.450000 -25.660000 0.0 0 
0.000000
 1 199 199 p_village_16 ART 00000000000002114626 0 0 3 0 0 0 0 0 273.510000 -5.580000 273.510000 -5.580000 273.510000 -5.580000 0.0 0 
0.000000
 1 200 200 p_village_17 DBS 00000000000002114626 0 0 3 0 0 0 0 0 255.130000 -16.410000 255.130000 -16.410000 255.130000 -16.410000 0.0 0 
0.000000
 1 201 201 p_village_18 BL 00000000000002114626 0 0 3 0 0 0 0 0 244.530000 -44.970000 244.530000 -44.970000 244.530000 -44.970000 0.0 0 
0.000000
 1 202 202 p_village_19 ALD 00000000000002114626 0 0 3 0 0 0 0 0 256.310000 -59.100000 256.310000 -59.100000 256.310000 -59.100000 0.0 0 
0.000000
 1 203 203 p_village_20 QLK 00000000000002114626 0 0 3 0 0 0 0 0 248.270000 -74.360000 248.270000 -74.360000 248.270000 -74.360000 0.0 0 
0.000000
 1 204 204 p_village_21 TRZW 00000000000002114626 0 0 3 0 0 0 0 0 269.220000 -82.390000 269.220000 -82.390000 269.220000 -82.390000 0.0 0 
0.000000
 1 205 205 p_village_22 BDPS 00000000000002114626 0 0 3 0 0 0 0 0 286.620000 -59.070000 286.620000 -59.070000 286.620000 -59.070000 0.0 0 
0.000000
 1 206 206 p_village_23 ANM 00000000000002114626 0 0 3 0 0 0 0 0 228.180000 -70.420000 228.180000 -70.420000 228.180000 -70.420000 0.0 0 
0.000000
 1 207 207 p_village_24 AKDK 00000000000002114626 0 0 3 0 0 0 0 0 232.950000 -98.870000 232.950000 -98.870000 232.950000 -98.870000 0.0 0 
0.000000
 1 208 208 p_village_25 PRMXY 00000000000002114626 0 0 3 0 0 0 0 0 224.430000 -146.230000 224.430000 -146.230000 224.430000 -146.230000 0.0 0 
0.000000
 1 209 209 p_village_26 JMDF 00000000000002114626 0 0 3 0 0 0 0 0 198.410000 -49.400000 198.410000 -49.400000 198.410000 -49.400000 0.0 0 
0.000000
 1 210 210 p_village_27 MLM 00000000000002114626 0 0 3 0 0 0 0 0 184.180000 -100.060000 184.180000 -100.060000 184.180000 -100.060000 0.0 0 
0.000000
 1 211 211 p_village_28 AKSL 00000000000002114626 0 0 3 0 0 0 0 0 194.920000 -16.960000 194.920000 -16.960000 194.920000 -16.960000 0.0 0 
0.000000
 1 212 212 p_village_29 AMXY 00000000000002114626 0 0 3 0 0 0 0 0 191.600000 -33.930000 191.600000 -33.930000 191.600000 -33.930000 0.0 0 
0.000000
 1 213 213 p_village_30 XWS 00000000000002114626 0 0 3 0 0 0 0 0 180.470000 -13.580000 180.470000 -13.580000 180.470000 -13.580000 0.0 0 
0.000000
 1 214 214 p_village_31 KTS 00000000000002114626 0 0 3 0 0 0 0 0 162.750000 -41.830000 162.750000 -41.830000 162.750000 -41.830000 0.0 0 
0.000000
 1 215 215 p_village_32 ALMT 00000000000002114626 0 0 3 0 0 0 0 0 107.780000 37.520000 107.780000 37.520000 107.780000 37.520000 0.0 0 
0.000000
 1 216 216 p_village_33 AWS 00000000000002114626 0 0 3 0 0 0 0 0 74.940000 83.740000 74.940000 83.740000 74.940000 83.740000 0.0 0 
0.000000
 1 217 217 p_village_34 LL 00000000000002114626 0 0 3 0 0 0 0 0 134.340000 -24.100000 134.340000 -24.100000 134.340000 -24.100000 0.0 0 
0.000000
 1 218 218 p_village_35 AMR 00000000000002114626 0 0 3 0 0 0 0 0 133.350000 -9.450000 133.350000 -9.450000 133.350000 -9.450000 0.0 0 
0.000000
 1 219 219 p_village_36 MNF 00000000000002114626 0 0 3 0 0 0 0 0 227.360000 67.670000 227.360000 67.670000 227.360000 67.670000 0.0 0 
0.000000
 1 220 220 p_village_37 DMHR 00000000000002114626 0 0 3 0 0 0 0 0 213.890000 66.660000 213.890000 66.660000 213.890000 66.660000 0.0 0 
0.000000
 1 221 221 p_village_38 ALS 00000000000002114626 0 0 3 0 0 0 0 0 168.020000 75.370000 168.020000 75.370000 168.020000 75.370000 0.0 0 
0.000000
 1 222 222 p_village_39 MFTH 00000000000002114626 0 0 3 0 0 0 0 0 152.870000 124.120000 152.870000 124.120000 152.870000 124.120000 0.0 0 
0.000000
 1 223 223 p_village_40 MRB 00000000000002114626 0 0 3 0 0 0 0 0 170.110000 84.140000 170.110000 84.140000 170.110000 84.140000 0.0 0 
0.000000
 1 224 224 p_village_41 MA 00000000000002114626 0 0 3 0 0 0 0 0 145.640000 95.080000 145.640000 95.080000 145.640000 95.080000 0.0 0 
0.000000
 1 225 225 p_village_42 TYM 00000000000002114626 0 0 3 0 0 0 0 0 142.230000 107.320000 142.230000 107.320000 142.230000 107.320000 0.0 0 
0.000000
 1 226 226 p_village_43 BRKS 00000000000002114626 0 0 3 0 0 0 0 0 161.500000 26.480000 161.500000 26.480000 161.500000 26.480000 0.0 0 
0.000000
 1 227 227 p_village_44 JSW 00000000000002114626 0 0 3 0 0 0 0 0 154.530000 27.510000 154.530000 27.510000 154.530000 27.510000 0.0 0 
0.000000
 1 228 228 p_village_45 MMNY 00000000000002114626 0 0 3 0 0 0 0 0 60.250000 115.840000 60.250000 115.840000 60.250000 115.840000 0.0 0 
0.000000
 1 229 229 p_village_46 ZRM 00000000000002114626 0 0 3 0 0 0 0 0 -46.690000 62.250000 -46.690000 62.250000 -46.690000 62.250000 0.0 0 
0.000000
 1 230 230 p_village_47 EDC 00000000000002114626 0 0 3 0 0 0 0 0 -44.970000 19.770000 -44.970000 19.770000 -44.970000 19.770000 0.0 0 
0.000000
 1 231 231 p_village_48 CC 00000000000002114626 0 0 3 0 0 0 0 0 -57.990000 33.380000 -57.990000 33.380000 -57.990000 33.380000 0.0 0 
0.000000
 1 232 232 p_village_49 BS 00000000000002114626 0 0 3 0 0 0 0 0 -66.710000 41.000000 -66.710000 41.000000 -66.710000 41.000000 0.0 0 
0.000000
 1 233 233 p_village_50 KSHE 00000000000002114626 0 0 3 0 0 0 0 0 -75.130000 44.000000 -75.130000 44.000000 -75.130000 44.000000 0.0 0 
0.000000
 1 234 234 p_village_51 HD 00000000000002114626 0 0 3 0 0 0 0 0 -87.120000 58.450000 -87.120000 58.450000 -87.120000 58.450000 0.0 0 
0.000000
 1 235 235 p_village_52 HJL 00000000000002114626 0 0 3 0 0 0 0 0 -77.280000 -33.790000 -77.280000 -33.790000 -77.280000 -33.790000 0.0 0 
0.000000
 1 236 236 p_village_53 ALM 00000000000002114626 0 0 3 0 0 0 0 0 -84.180000 -22.560000 -84.180000 -22.560000 -84.180000 -22.560000 0.0 0 
0.000000
 1 237 237 p_village_54 CBC 00000000000002114626 0 0 3 0 0 0 0 0 -101.990000 -26.470000 -101.990000 -26.470000 -101.990000 -26.470000 0.0 0 
0.000000
 1 238 238 p_village_55 BSB 00000000000002114626 0 0 3 0 0 0 0 0 -112.630000 -32.900000 -112.630000 -32.900000 -112.630000 -32.900000 0.0 0 
0.000000
 1 239 239 p_village_56 HMSFR 00000000000002114626 0 0 3 0 0 0 0 0 -190.370000 -25.450000 -190.370000 -25.450000 -190.370000 -25.450000 0.0 0 
0.000000
 1 240 240 p_village_57 KZR 00000000000002114626 0 0 3 0 0 0 0 0 -182.960000 -67.920000 -182.960000 -67.920000 -182.960000 -67.920000 0.0 0 
0.000000
 1 241 241 p_village_58 ZRQB 00000000000002114626 0 0 3 0 0 0 0 0 -277.160000 -63.310000 -277.160000 -63.310000 -277.160000 -63.310000 0.0 0 
0.000000
 1 242 242 p_village_59 WDRH 00000000000002114626 0 0 3 0 0 0 0 0 -279.060000 -57.340000 -279.060000 -57.340000 -279.060000 -57.340000 0.0 0 
0.000000
 1 243 243 p_village_60 ZDRB 00000000000002114626 0 0 3 0 0 0 0 0 -308.210000 -100.320000 -308.210000 -100.320000 -308.210000 -100.320000 0.0 0 
0.000000
 1 244 244 p_village_61 TLWB 00000000000002114626 0 0 3 0 0 0 0 0 -280.330000 -116.420000 -280.330000 -116.420000 -280.330000 -116.420000 0.0 0 
0.000000
 1 245 245 p_village_62 BLYXB 00000000000002114626 0 0 3 0 0 0 0 0 -238.900000 -117.570000 -238.900000 -117.570000 -238.900000 -117.570000 0.0 0 
0.000000
 1 246 246 p_village_63 JLJXB 00000000000002114626 0 0 3 0 0 0 0 0 -167.010000 -101.380000 -167.010000 -101.380000 -167.010000 -101.380000 0.0 0 
0.000000
 1 247 247 p_village_64 GZ 00000000000002114626 0 0 3 0 0 0 0 0 -147.790000 26.930000 -147.790000 26.930000 -147.790000 26.930000 0.0 0 
0.000000
 1 248 248 p_village_65 SZ 00000000000002114626 0 0 3 0 0 0 0 0 -160.260000 28.370000 -160.260000 28.370000 -160.260000 28.370000 0.0 0 
0.000000
 1 249 249 p_village_66 HS1 00000000000002114626 0 0 3 0 0 0 0 0 183.700000 -9.690000 183.700000 -9.690000 183.700000 -9.690000 0.0 0 
0.000000
 1 250 250 p_village_67 BM 00000000000002114626 0 0 3 0 0 0 0 0 -197.760000 5.470000 -197.760000 5.470000 -197.760000 5.470000 0.0 0 
0.000000
 1 251 251 p_village_68 XN 00000000000002114626 0 0 3 0 0 0 0 0 -214.870000 55.000000 -214.870000 55.000000 -214.870000 55.000000 0.0 0 
0.000000
 1 252 252 p_village_69 XP 00000000000002114626 0 0 3 0 0 0 0 0 -233.750000 45.520000 -233.750000 45.520000 -233.750000 45.520000 0.0 0 
0.000000
 1 253 253 p_village_70 HS 00000000000002114626 0 0 3 0 0 0 0 0 -228.610000 -5.900000 -228.610000 -5.900000 -228.610000 -5.900000 0.0 0 
0.000000
 1 254 254 p_village_71 QINZHOU 00000000000002114626 0 0 3 0 0 0 0 0 -332.150000 -69.990000 -332.150000 -69.990000 -332.150000 -69.990000 0.0 0 
0.000000
 1 255 255 p_village_72 GUANNING 00000000000002114626 0 0 3 0 0 0 0 0 -354.380000 -38.180000 -354.380000 -38.180000 -354.380000 -38.180000 0.0 0 
0.000000
 1 256 256 p_village_73 CHENZHOU 00000000000002114626 0 0 3 0 0 0 0 0 -359.330000 -32.850000 -359.330000 -32.850000 -359.330000 -32.850000 0.0 0 
0.000000
 1 257 257 p_village_74 FUZHOU 00000000000002114626 0 0 3 0 0 0 0 0 -357.960000 -21.600000 -357.960000 -21.600000 -357.960000 -21.600000 0.0 0 
0.000000
 1 258 258 p_village_75 YUYAN 00000000000002114626 0 0 3 0 0 0 0 0 -337.820000 -43.150000 -337.820000 -43.150000 -337.820000 -43.150000 0.0 0 
0.000000
 1 259 259 p_village_76 ZHONGZHU 00000000000002114626 0 0 3 0 0 0 0 0 -338.580000 -33.710000 -338.580000 -33.710000 -338.580000 -33.710000 0.0 0 
0.000000
 1 260 260 p_village_77 MOZHOU 00000000000002114626 0 0 3 0 0 0 0 0 -313.490000 -8.960000 -313.490000 -8.960000 -313.490000 -8.960000 0.0 0 
0.000000
 1 261 261 p_village_78 ZHENDING 00000000000002114626 0 0 3 0 0 0 0 0 -308.830000 2.530000 -308.830000 2.530000 -308.830000 2.530000 0.0 0 
0.000000
 1 262 262 p_village_79 XIAZHOU 00000000000002114626 0 0 3 0 0 0 0 0 -279.500000 1.820000 -279.500000 1.820000 -279.500000 1.820000 0.0 0 
0.000000
 1 263 263 p_village_80 CHUANGZHOU 00000000000002114626 0 0 3 0 0 0 0 0 -322.620000 18.870000 -322.620000 18.870000 -322.620000 18.870000 0.0 0 
0.000000
 1 264 264 p_village_81 BINGZHOU 00000000000002114626 0 0 3 0 0 0 0 0 -334.920000 18.830000 -334.920000 18.830000 -334.920000 18.830000 0.0 0 
0.000000
 1 265 265 p_village_82 JINAN 00000000000002114626 0 0 3 0 0 0 0 0 -330.210000 25.640000 -330.210000 25.640000 -330.210000 25.640000 0.0 0 
0.000000
 1 266 266 p_village_83 DONGPIN 00000000000002114626 0 0 3 0 0 0 0 0 -326.530000 39.300000 -326.530000 39.300000 -326.530000 39.300000 0.0 0 
0.000000
 1 267 267 p_village_84 TANZHOU 00000000000002114626 0 0 3 0 0 0 0 0 -317.080000 51.620000 -317.080000 51.620000 -317.080000 51.620000 0.0 0 
0.000000
 1 268 268 p_village_85 XUZHOU 00000000000002114626 0 0 3 0 0 0 0 0 -312.180000 48.970000 -312.180000 48.970000 -312.180000 48.970000 0.0 0 
0.000000
 1 269 269 p_village_86 DENGZHOU 00000000000002114626 0 0 3 0 0 0 0 0 -276.700000 58.610000 -276.700000 58.610000 -276.700000 58.610000 0.0 0 
0.000000
 1 270 270 p_village_87 PINYAN 00000000000002114626 0 0 3 0 0 0 0 0 -307.530000 67.400000 -307.530000 67.400000 -307.530000 67.400000 0.0 0 
0.000000
 1 271 271 p_village_88 PUZHOU 00000000000002114626 0 0 3 0 0 0 0 0 -302.010000 64.940000 -302.010000 64.940000 -302.010000 64.940000 0.0 0 
0.000000
 1 272 272 p_village_89 FENGXIANFU 00000000000002114626 0 0 3 0 0 0 0 0 -267.840000 46.490000 -267.840000 46.490000 -267.840000 46.490000 0.0 0 
0.000000
 1 273 273 p_village_90 XIHEZHOU 00000000000002114626 0 0 3 0 0 0 0 0 -245.590000 66.170000 -245.590000 66.170000 -245.590000 66.170000 0.0 0 
0.000000
 1 274 274 p_village_91 XINZHOU 00000000000002114626 0 0 3 0 0 0 0 0 -258.770000 74.430000 -258.770000 74.430000 -258.770000 74.430000 0.0 0 
0.000000
 1 275 275 p_village_92 BAZHOU 00000000000002114626 0 0 3 0 0 0 0 0 -270.170000 72.030000 -270.170000 72.030000 -270.170000 72.030000 0.0 0 
0.000000
 1 276 276 p_village_93 QIANZHOU 00000000000002114626 0 0 3 0 0 0 0 0 -328.440000 106.480000 -328.440000 106.480000 -328.440000 106.480000 0.0 0 
0.000000
 1 277 277 p_village_94 JUZHOU 00000000000002114626 0 0 3 0 0 0 0 0 -294.920000 100.590000 -294.920000 100.590000 -294.920000 100.590000 0.0 0 
0.000000
 1 278 278 p_village_95 CHENZHOU 00000000000002114626 0 0 3 0 0 0 0 0 -301.910000 92.900000 -301.910000 92.900000 -301.910000 92.900000 0.0 0 
0.000000
 1 279 279 p_village_96 HEJIAN 00000000000002114626 0 0 3 0 0 0 0 0 -306.280000 107.690000 -306.280000 107.690000 -306.280000 107.690000 0.0 0 
0.000000
 1 280 280 p_village_97 TAIPIN 00000000000002114626 0 0 3 0 0 0 0 0 -280.290000 125.370000 -280.290000 125.370000 -280.290000 125.370000 0.0 0 
0.000000
 1 281 281 p_village_98 YONGPIN 00000000000002114626 0 0 3 0 0 0 0 0 -291.670000 132.110000 -291.670000 132.110000 -291.670000 132.110000 0.0 0 
0.000000
 1 282 282 p_village_99 HENSHANZHAI 00000000000002114626 0 0 3 0 0 0 0 0 -301.750000 128.840000 -301.750000 128.840000 -301.750000 128.840000 0.0 0 
0.000000
 1 283 283 p_village_100 QIANLONGZHEN 00000000000002114626 0 0 3 0 0 0 0 0 -310.560000 132.860000 -310.560000 132.860000 -310.560000 132.860000 0.0 0 
0.000000
 1 284 284 p_village_101 WUZHOU 00000000000002114626 0 0 3 0 0 0 0 0 -318.410000 135.140000 -318.410000 135.140000 -318.410000 135.140000 0.0 0 
0.000000
 1 285 285 p_village_102 WUPIN 00000000000002114626 0 0 3 0 0 0 0 0 -331.770000 123.770000 -331.770000 123.770000 -331.770000 123.770000 0.0 0 
0.000000
 1 286 286 p_village_103 CHENGLE 00000000000002114626 0 0 3 0 0 0 0 0 -350.920000 120.060000 -350.920000 120.060000 -350.920000 120.060000 0.0 0 
0.000000
 1 287 287 p_village_104 JIANZHOU 00000000000002114626 0 0 3 0 0 0 0 0 -352.980000 105.850000 -352.980000 105.850000 -352.980000 105.850000 0.0 0 
0.000000
 1 288 288 p_village_105 TANZHOU 00000000000002114626 0 0 3 0 0 0 0 0 -333.320000 91.890000 -333.320000 91.890000 -333.320000 91.890000 0.0 0 
0.000000
 1 289 289 p_village_106 JIANGZHOU 00000000000002114626 0 0 3 0 0 0 0 0 -354.450000 95.870000 -354.450000 95.870000 -354.450000 95.870000 0.0 0 
0.000000
 1 290 290 p_village_107 PINYAN 00000000000002114626 0 0 3 0 0 0 0 0 -365.120000 92.370000 -365.120000 92.370000 -365.120000 92.370000 0.0 0 
0.000000
 1 291 291 p_village_108 MINZHOU 00000000000002114626 0 0 3 0 0 0 0 0 -365.610000 79.940000 -365.610000 79.940000 -365.610000 79.940000 0.0 0 
0.000000
 1 292 292 p_village_109 CIZHOU 00000000000002114626 0 0 3 0 0 0 0 0 -349.060000 80.770000 -349.060000 80.770000 -349.060000 80.770000 0.0 0 
0.000000
 1 293 293 p_village_110 XIUZHOU 00000000000002114626 0 0 3 0 0 0 0 0 -362.870000 73.090000 -362.870000 73.090000 -362.870000 73.090000 0.0 0 
0.000000
 1 294 294 p_village_111 XW 00000000000002114626 0 0 3 0 0 0 0 0 43.310000 13.300000 43.310000 13.300000 43.310000 13.300000 0.0 0 
0.000000
 1 295 295 p_village_112 FLSG 00000000000002114626 0 0 3 0 0 0 0 0 40.590000 26.940000 40.590000 26.940000 40.590000 26.940000 0.0 0 
0.000000
 1 296 296 p_village_113 MSHD 00000000000002114626 0 0 3 0 0 0 0 0 41.640000 43.050000 41.640000 43.050000 41.640000 43.050000 0.0 0 
0.000000
 1 297 297 p_village_114 GRG 00000000000002114626 0 0 3 0 0 0 0 0 68.330000 35.410000 68.330000 35.410000 68.330000 35.410000 0.0 0 
0.000000
 1 298 298 p_village_115 YZD 00000000000002114626 0 0 3 0 0 0 0 0 62.780000 63.790000 62.780000 63.790000 62.780000 63.790000 0.0 0 
0.000000
 1 299 299 p_village_116 YSMLY 00000000000002114626 0 0 3 0 0 0 0 0 189.750000 71.460000 189.750000 71.460000 189.750000 71.460000 0.0 0 
0.000000
 1 300 300 p_village_117 TBK 00000000000002114626 0 0 3 0 0 0 0 0 167.720000 80.600000 167.720000 80.600000 167.720000 80.600000 0.0 0 
0.000000
 1 301 301 p_village_118 YB 00000000000002114626 0 0 3 0 0 0 0 0 114.160000 140.900000 114.160000 140.900000 114.160000 140.900000 0.0 0 
0.000000
 1 302 302 p_village_119 TYF 00000000000002114626 0 0 3 0 0 0 0 0 79.590000 175.620000 79.590000 175.620000 79.590000 175.620000 0.0 0 
0.000000
 1 303 303 p_village_120 SHP 00000000000002114626 0 0 3 0 0 0 0 0 163.640000 71.730000 163.640000 71.730000 163.640000 71.730000 0.0 0 
0.000000
 1 304 304 p_village_121 HMS 00000000000002114626 0 0 3 0 0 0 0 0 156.630000 22.360000 156.630000 22.360000 156.630000 22.360000 0.0 0 
0.000000
 1 305 305 p_village_122 HSK 00000000000002114626 0 0 3 0 0 0 0 0 161.000000 8.810000 161.000000 8.810000 161.000000 8.810000 0.0 0 
0.000000
 1 306 306 p_village_123 ARBL 00000000000002114626 0 0 3 0 0 0 0 0 148.760000 11.030000 148.760000 11.030000 148.760000 11.030000 0.0 0 
0.000000
 1 307 307 p_village_124 FYM 00000000000002114626 0 0 3 0 0 0 0 0 201.240000 111.360000 201.240000 111.360000 201.240000 111.360000 0.0 0 
0.000000
 1 308 308 p_village_125 YKB 00000000000002114626 0 0 3 0 0 0 0 0 179.520000 70.070000 179.520000 70.070000 179.520000 70.070000 0.0 0 
0.000000
 1 309 309 p_village_126 TKLT 00000000000002114626 0 0 3 0 0 0 0 0 140.270000 9.310000 140.270000 9.310000 140.270000 9.310000 0.0 0 
0.000000
 1 310 310 p_village_127 KRBL 00000000000002114626 0 0 3 0 0 0 0 0 135.200000 69.300000 135.200000 69.300000 135.200000 69.300000 0.0 0 
0.000000
 1 311 311 p_village_128 AML 00000000000002114626 0 0 3 0 0 0 0 0 81.470000 83.540000 81.470000 83.540000 81.470000 83.540000 0.0 0 
0.000000
 1 312 312 p_village_129 BSR 00000000000002114626 0 0 3 0 0 0 0 0 39.790000 108.220000 39.790000 108.220000 39.790000 108.220000 0.0 0 
0.000000
 1 313 313 p_village_130 YZ 00000000000002114626 0 0 3 0 0 0 0 0 27.200000 82.410000 27.200000 82.410000 27.200000 82.410000 0.0 0 
0.000000
 1 314 314 p_village_131 DHL 00000000000002114626 0 0 3 0 0 0 0 0 115.770000 64.620000 115.770000 64.620000 115.770000 64.620000 0.0 0 
0.000000
 1 315 315 p_village_132 KG 00000000000002114626 0 0 3 0 0 0 0 0 32.720000 107.990000 32.720000 107.990000 32.720000 107.990000 0.0 0 
0.000000
 1 316 316 p_village_133 ABSG 00000000000002114626 0 0 3 0 0 0 0 0 12.420000 112.810000 12.420000 112.810000 12.420000 112.810000 0.0 0 
0.000000
 1 317 317 p_village_134 JHLM 00000000000002114626 0 0 3 0 0 0 0 0 22.340000 111.470000 22.340000 111.470000 22.340000 111.470000 0.0 0 
0.000000
 1 318 318 p_village_135 ZHD 00000000000002114626 0 0 3 0 0 0 0 0 -52.450000 84.380000 -52.450000 84.380000 -52.450000 84.380000 0.0 0 
0.000000
 1 319 319 p_village_136 GDE 00000000000002114626 0 0 3 0 0 0 0 0 -0.900000 125.570000 -0.900000 125.570000 -0.900000 125.570000 0.0 0 
0.000000
 1 320 320 p_village_137 XP 00000000000002114626 0 0 3 0 0 0 0 0 40.630000 127.550000 40.630000 127.550000 40.630000 127.550000 0.0 0 
0.000000
 1 321 321 p_village_138 SE 00000000000002114626 0 0 3 0 0 0 0 0 29.470000 148.690000 29.470000 148.690000 29.470000 148.690000 0.0 0 
0.000000
 1 322 322 p_village_139 YD 00000000000002114626 0 0 3 0 0 0 0 0 102.970000 105.960000 102.970000 105.960000 102.970000 105.960000 0.0 0 
0.000000
 1 323 323 p_village_140 HTD 00000000000002114626 0 0 3 0 0 0 0 0 105.910000 96.350000 105.910000 96.350000 105.910000 96.350000 0.0 0 
0.000000
 1 324 324 p_village_141 KWT 00000000000002114626 0 0 3 0 0 0 0 0 81.600000 95.590000 81.600000 95.590000 81.600000 95.590000 0.0 0 
0.000000
 1 325 325 p_village_142 SLW 00000000000002114626 0 0 3 0 0 0 0 0 11.520000 86.130000 11.520000 86.130000 11.520000 86.130000 0.0 0 
0.000000
 1 326 326 p_village_143 LIUZHOU 00000000000002114626 0 0 3 0 0 0 0 0 -261.090000 56.650000 -261.090000 56.650000 -261.090000 56.650000 0.0 0 
0.000000
 1 327 327 p_village_144 YONGZHOU 00000000000002114626 0 0 3 0 0 0 0 0 -311.190000 109.440000 -311.190000 109.440000 -311.190000 109.440000 0.0 0 
0.000000
 1 328 328 p_village_145 SHOUCHUN 00000000000002114626 0 0 3 0 0 0 0 0 -334.280000 61.890000 -334.280000 61.890000 -334.280000 61.890000 0.0 0 
0.000000
 1 329 329 p_village_146 SHANYANG 00000000000002114626 0 0 3 0 0 0 0 0 -341.110000 52.340000 -341.110000 52.340000 -341.110000 52.340000 0.0 0 
0.000000
 1 330 330 p_village_147 QIONGZHOU 00000000000002114626 0 0 3 0 0 0 0 0 -314.070000 153.180000 -314.070000 153.180000 -314.070000 153.180000 0.0 0 
0.000000
 1 331 331 p_village_148 CHENZHOU 00000000000002114626 0 0 3 0 0 0 0 0 -321.320000 107.910000 -321.320000 107.910000 -321.320000 107.910000 0.0 0 
0.000000
 1 332 332 p_village_149 SHAOZHOU 00000000000002114626 0 0 3 0 0 0 0 0 -316.460000 94.720000 -316.460000 94.720000 -316.460000 94.720000 0.0 0 
0.000000
 1 333 333 p_village_150 SHAOZHOU 00000000000002114626 0 0 3 0 0 0 0 0 -321.200000 124.460000 -321.200000 124.460000 -321.200000 124.460000 0.0 0 
0.000000
 1 334 334 p_village_151 HUIZHOU 00000000000002114626 0 0 3 0 0 0 0 0 -353.860000 88.380000 -353.860000 88.380000 -353.860000 88.380000 0.0 0 
0.000000
 1 335 335 p_village_152 JUNZHOU 00000000000002114626 0 0 3 0 0 0 0 0 -291.950000 48.530000 -291.950000 48.530000 -291.950000 48.530000 0.0 0 
0.000000
 1 336 336 p_village_153 LIZHOU 00000000000002114626 0 0 3 0 0 0 0 0 -256.220000 58.320000 -256.220000 58.320000 -256.220000 58.320000 0.0 0 
0.000000
 1 337 337 p_village_154 YAZHOU 00000000000002114626 0 0 3 0 0 0 0 0 -261.460000 90.410000 -261.460000 90.410000 -261.460000 90.410000 0.0 0 
0.000000
 1 338 338 p_village_155 LUZHOU 00000000000002114626 0 0 3 0 0 0 0 0 -276.200000 90.180000 -276.200000 90.180000 -276.200000 90.180000 0.0 0 
0.000000
 1 339 339 p_village_156 FUZHOU 00000000000002114626 0 0 3 0 0 0 0 0 -285.580000 86.580000 -285.580000 86.580000 -285.580000 86.580000 0.0 0 
0.000000
 1 340 340 p_village_157 QIANZHOU 00000000000002114626 0 0 3 0 0 0 0 0 -291.150000 93.920000 -291.150000 93.920000 -291.150000 93.920000 0.0 0 
0.000000
 1 341 341 p_village_158 HAIZHOU 00000000000002114626 0 0 3 0 0 0 0 0 -357.290000 51.470000 -357.290000 51.470000 -357.290000 51.470000 0.0 0 
0.000000
 1 342 342 p_village_159 MIZHOU 00000000000002114626 0 0 3 0 0 0 0 0 -136.200000 35.850000 -136.200000 35.850000 -136.200000 35.850000 0.0 0 
0.000000
 1 343 343 p_village_160 YINGZHOU 00000000000002114626 0 0 3 0 0 0 0 0 -328.100000 63.930000 -328.100000 63.930000 -328.100000 63.930000 0.0 0 
0.000000
 1 344 344 p_village_161 CAIZHOU 00000000000002114626 0 0 3 0 0 0 0 0 -323.600000 49.270000 -323.600000 49.270000 -323.600000 49.270000 0.0 0 
0.000000
 1 345 345 p_village_162 PINGLIANGFU 00000000000002114626 0 0 3 0 0 0 0 0 -259.080000 48.400000 -259.080000 48.400000 -259.080000 48.400000 0.0 0 
0.000000
 1 346 346 p_village_163 QINGYANGFU 00000000000002114626 0 0 3 0 0 0 0 0 -264.010000 31.560000 -264.010000 31.560000 -264.010000 31.560000 0.0 0 
0.000000
 1 347 347 p_village_164 FENZHOU 00000000000002114626 0 0 3 0 0 0 0 0 -299.930000 13.990000 -299.930000 13.990000 -299.930000 13.990000 0.0 0 
0.000000
 1 348 348 p_village_165 XINGZHOU 00000000000002114626 0 0 3 0 0 0 0 0 -308.100000 12.430000 -308.100000 12.430000 -308.100000 12.430000 0.0 0 
0.000000
 1 349 349 p_village_166 DONGSHENGZHOU 00000000000002114626 0 0 3 0 0 0 0 0 -290.440000 -17.130000 -290.440000 -17.130000 -290.440000 -17.130000 0.0 0 
0.000000
 1 350 350 p_village_167 HUANZHOU 00000000000002114626 0 0 3 0 0 0 0 0 -313.240000 -37.960000 -313.240000 -37.960000 -313.240000 -37.960000 0.0 0 
0.000000
 1 351 351 p_village_168 JINZHOU 00000000000002114626 0 0 3 0 0 0 0 0 -344.970000 -37.680000 -344.970000 -37.680000 -344.970000 -37.680000 0.0 0 
0.000000
 1 352 352 p_village_169 LONGZHOU 00000000000002114626 0 0 3 0 0 0 0 0 -368.400000 -55.910000 -368.400000 -55.910000 -368.400000 -55.910000 0.0 0 
0.000000
 1 353 353 p_village_170 YIDU 00000000000002114626 0 0 3 0 0 0 0 0 -352.330000 13.920000 -352.330000 13.920000 -352.330000 13.920000 0.0 0 
0.000000
 1 354 354 p_village_171 ZHENGZHOU 00000000000002114626 0 0 3 0 0 0 0 0 -308.930000 44.040000 -308.930000 44.040000 -308.930000 44.040000 0.0 0 
0.000000
 1 355 355 p_village_172 LANZHOU 00000000000002114626 0 0 3 0 0 0 0 0 -241.560000 39.650000 -241.560000 39.650000 -241.560000 39.650000 0.0 0 
0.000000
 1 356 356 p_village_173 WEIZHOU 00000000000002114626 0 0 3 0 0 0 0 0 -306.940000 -4.890000 -306.940000 -4.890000 -306.940000 -4.890000 0.0 0 
0.000000
 1 357 357 p_village_174 LUZHOU 00000000000002114626 0 0 3 0 0 0 0 0 -300.370000 28.390000 -300.370000 28.390000 -300.370000 28.390000 0.0 0 
0.000000
 1 358 358 p_village_175 XIPING 00000000000002114626 0 0 3 0 0 0 0 0 -257.950000 17.390000 -257.950000 17.390000 -257.950000 17.390000 0.0 0 
0.000000
 1 359 359 p_village_176 SUIZHOU 00000000000002114626 0 0 3 0 0 0 0 0 -277.340000 14.460000 -277.340000 14.460000 -277.340000 14.460000 0.0 0 
0.000000
 1 360 360 p_village_177 GANZHOU 00000000000002114626 0 0 3 0 0 0 0 0 -187.790000 29.080000 -187.790000 29.080000 -187.790000 29.080000 0.0 0 
0.000000
 1 361 361 p_village_178 SHENGZHOU 00000000000002114626 0 0 3 0 0 0 0 0 -276.160000 -8.290000 -276.160000 -8.290000 -276.160000 -8.290000 0.0 0 
0.000000
 1 362 362 p_village_179 SHUNZHOU 00000000000002114626 0 0 3 0 0 0 0 0 -247.820000 22.140000 -247.820000 22.140000 -247.820000 22.140000 0.0 0 
0.000000
 1 363 363 p_village_180 YINGLI 00000000000002114626 0 0 3 0 0 0 0 0 -235.500000 29.960000 -235.500000 29.960000 -235.500000 29.960000 0.0 0 
0.000000
 1 364 364 p_village_181 DUSHAN 00000000000002114626 0 0 3 0 0 0 0 0 -109.860000 -2.070000 -109.860000 -2.070000 -109.860000 -2.070000 0.0 0 
0.000000
 1 365 365 p_village_182 FNKT 00000000000002114626 0 0 3 0 0 0 0 0 0.110000 37.430000 0.110000 37.430000 0.110000 37.430000 0.0 0 
0.000000
 1 366 366 p_village_183 JIESHI 00000000000002114626 0 0 3 0 0 0 0 0 3.920000 55.590000 3.920000 55.590000 3.920000 55.590000 0.0 0 
0.000000
 1 367 367 p_village_184 SAILAN 00000000000002114626 0 0 3 0 0 0 0 0 -20.460000 3.610000 -20.460000 3.610000 -20.460000 3.610000 0.0 0 
0.000000
 1 368 368 p_village_185 KBE 00000000000002114626 0 0 3 0 0 0 0 0 35.600000 48.480000 35.600000 48.480000 35.600000 48.480000 0.0 0 
0.000000
 1 369 369 p_village_186 JLS 00000000000002114626 0 0 3 0 0 0 0 0 203.200000 -140.440000 203.200000 -140.440000 203.200000 -140.440000 0.0 0 
0.000000
 1 370 370 p_village_187 PLMKL 00000000000002114626 0 0 3 0 0 0 0 0 204.430000 -126.360000 204.430000 -126.360000 204.430000 -126.360000 0.0 0 
0.000000
 1 371 371 p_village_188 FLJME 00000000000002114626 0 0 3 0 0 0 0 0 232.660000 -138.470000 232.660000 -138.470000 232.660000 -138.470000 0.0 0 
0.000000
 1 372 372 p_village_189 LWF 00000000000002114626 0 0 3 0 0 0 0 0 287.890000 -99.210000 287.890000 -99.210000 287.890000 -99.210000 0.0 0 
0.000000
 1 373 373 p_village_190 WSGLD 00000000000002114626 0 0 3 0 0 0 0 0 223.580000 -109.170000 223.580000 -109.170000 223.580000 -109.170000 0.0 0 
0.000000
 1 374 374 p_village_191 LWFC 00000000000002114626 0 0 3 0 0 0 0 0 245.470000 -117.730000 245.470000 -117.730000 245.470000 -117.730000 0.0 0 
0.000000
 1 375 375 p_village_192 LZKC 00000000000002114626 0 0 3 0 0 0 0 0 239.310000 -124.930000 239.310000 -124.930000 239.310000 -124.930000 0.0 0 
0.000000
 1 376 376 p_village_193 QENKFC 00000000000002114626 0 0 3 0 0 0 0 0 218.680000 -124.910000 218.680000 -124.910000 218.680000 -124.910000 0.0 0 
0.000000
 1 377 377 p_village_194 WL 00000000000002114626 0 0 3 0 0 0 0 0 213.230000 -115.860000 213.230000 -115.860000 213.230000 -115.860000 0.0 0 
0.000000
 1 378 378 p_village_195 JFC 00000000000002114626 0 0 3 0 0 0 0 0 212.680000 -99.520000 212.680000 -99.520000 212.680000 -99.520000 0.0 0 
0.000000
 1 379 379 p_village_196 NGD 00000000000002114626 0 0 3 0 0 0 0 0 199.760000 -115.460000 199.760000 -115.460000 199.760000 -115.460000 0.0 0 
0.000000
 1 380 380 p_village_197 NY 00000000000002114626 0 0 3 0 0 0 0 0 176.800000 -116.300000 176.800000 -116.300000 176.800000 -116.300000 0.0 0 
0.000000
 1 381 381 p_village_198 XDE 00000000000002114626 0 0 3 0 0 0 0 0 167.070000 -106.730000 167.070000 -106.730000 167.070000 -106.730000 0.0 0 
0.000000
 1 382 382 p_village_199 KESKC 00000000000002114626 0 0 3 0 0 0 0 0 196.540000 -77.450000 196.540000 -77.450000 196.540000 -77.450000 0.0 0 
0.000000
 1 383 383 p_village_200 KLMC 00000000000002114626 0 0 3 0 0 0 0 0 292.000000 -86.710000 292.000000 -86.710000 292.000000 -86.710000 0.0 0 
0.000000
 1 384 384 p_village_201 BLF 00000000000002114626 0 0 3 0 0 0 0 0 289.110000 -70.800000 289.110000 -70.800000 289.110000 -70.800000 0.0 0 
0.000000
 1 385 385 p_village_202 NS 00000000000002114626 0 0 3 0 0 0 0 0 276.300000 -75.220000 276.300000 -75.220000 276.300000 -75.220000 0.0 0 
0.000000
 1 386 386 p_village_203 MKZ 00000000000002114626 0 0 3 0 0 0 0 0 274.860000 -63.160000 274.860000 -63.160000 274.860000 -63.160000 0.0 0 
0.000000
 1 387 387 p_village_204 BLD 00000000000002114626 0 0 3 0 0 0 0 0 264.200000 -65.990000 264.200000 -65.990000 264.200000 -65.990000 0.0 0 
0.000000
 1 388 388 p_village_205 YXC 00000000000002114626 0 0 3 0 0 0 0 0 230.680000 -58.260000 230.680000 -58.260000 230.680000 -58.260000 0.0 0 
0.000000
 1 389 389 p_village_206 BLG 00000000000002114626 0 0 3 0 0 0 0 0 285.010000 -48.550000 285.010000 -48.550000 285.010000 -48.550000 0.0 0 
0.000000
 1 390 390 p_village_207 BLPRC 00000000000002114626 0 0 3 0 0 0 0 0 289.550000 -35.620000 289.550000 -35.620000 289.550000 -35.620000 0.0 0 
0.000000
 1 391 391 p_village_208 SES 00000000000002114626 0 0 3 0 0 0 0 0 278.140000 -40.830000 278.140000 -40.830000 278.140000 -40.830000 0.0 0 
0.000000
 1 392 392 p_village_209 STLC 00000000000002114626 0 0 3 0 0 0 0 0 256.290000 2.950000 256.290000 2.950000 256.290000 2.950000 0.0 0 
0.000000
 1 393 393 p_village_210 PLE 00000000000002114626 0 0 3 0 0 0 0 0 251.320000 0.220000 251.320000 0.220000 251.320000 0.220000 0.0 0 
0.000000
 1 394 394 p_village_211 TLY 00000000000002114626 0 0 3 0 0 0 0 0 260.700000 -5.330000 260.700000 -5.330000 260.700000 -5.330000 0.0 0 
0.000000
 1 395 395 p_village_212 JLBLC 00000000000002114626 0 0 3 0 0 0 0 0 244.450000 -24.370000 244.450000 -24.370000 244.450000 -24.370000 0.0 0 
0.000000
 1 396 396 p_village_213 ADLAC 00000000000002114626 0 0 3 0 0 0 0 0 238.060000 -39.390000 238.060000 -39.390000 238.060000 -39.390000 0.0 0 
0.000000
 1 397 397 p_village_214 LDST 00000000000002114626 0 0 3 0 0 0 0 0 231.700000 -30.750000 231.700000 -30.750000 231.700000 -30.750000 0.0 0 
0.000000
 1 398 398 p_village_215 DEQS 00000000000002114626 0 0 3 0 0 0 0 0 228.710000 -37.250000 228.710000 -37.250000 228.710000 -37.250000 0.0 0 
0.000000
 1 399 399 p_village_216 TYTLC 00000000000002114626 0 0 3 0 0 0 0 0 220.770000 -18.180000 220.770000 -18.180000 220.770000 -18.180000 0.0 0 
0.000000
 1 400 400 p_village_217 KTYA 00000000000002114626 0 0 3 0 0 0 0 0 202.920000 -12.420000 202.920000 -12.420000 202.920000 -12.420000 0.0 0 
0.000000
 1 401 401 p_village_218 TE 00000000000002114626 0 0 3 0 0 0 0 0 181.380000 37.470000 181.380000 37.470000 181.380000 37.470000 0.0 0 
0.000000
 1 402 402 p_village_219 LML 00000000000002114626 0 0 3 0 0 0 0 0 184.120000 55.130000 184.120000 55.130000 184.120000 55.130000 0.0 0 
0.000000
 1 403 403 p_village_220 AKL 00000000000002114626 0 0 3 0 0 0 0 0 174.420000 58.880000 174.420000 58.880000 174.420000 58.880000 0.0 0 
0.000000
 1 404 404 p_village_221 MA 00000000000002114626 0 0 3 0 0 0 0 0 135.520000 62.030000 135.520000 62.030000 135.520000 62.030000 0.0 0 
0.000000
 1 405 405 p_village_222 JBE 00000000000002114626 0 0 3 0 0 0 0 0 165.780000 12.500000 165.780000 12.500000 165.780000 12.500000 0.0 0 
0.000000
 1 406 406 p_village_223 AMD 00000000000002114626 0 0 3 0 0 0 0 0 152.430000 4.450000 152.430000 4.450000 152.430000 4.450000 0.0 0 
0.000000
 1 407 407 p_village_224 AKSLC 00000000000002114626 0 0 3 0 0 0 0 0 170.400000 -3.980000 170.400000 -3.980000 170.400000 -3.980000 0.0 0 
0.000000
 1 408 408 p_village_225 KDH 00000000000002114626 0 0 3 0 0 0 0 0 -61.110000 104.960000 -61.110000 104.960000 -61.110000 104.960000 0.0 0 
0.000000
 1 409 409 p_village_226 XN 00000000000002114626 0 0 3 0 0 0 0 0 35.400000 134.560000 35.400000 134.560000 35.400000 134.560000 0.0 0 
0.000000
 1 410 410 p_village_227 KSLY 00000000000002114626 0 0 3 0 0 0 0 0 118.150000 12.460000 118.150000 12.460000 118.150000 12.460000 0.0 0 
0.000000
 1 411 411 p_village_228 BGD 00000000000002114626 0 0 3 0 0 0 0 0 124.680000 42.430000 124.680000 42.430000 124.680000 42.430000 0.0 0 
0.000000
 1 412 412 p_village_229 YIZHOU 00000000000002114626 0 0 3 0 0 0 0 0 -350.680000 44.540000 -350.680000 44.540000 -350.680000 44.540000 0.0 0 
0.000000
 1 413 413 p_village_230 LIUZHONG 00000000000002114626 0 0 3 0 0 0 0 0 -116.890000 7.390000 -116.890000 7.390000 -116.890000 7.390000 0.0 0 
0.000000
 1 414 414 p_village_231 DUOQUANZI 00000000000002114626 0 0 3 0 0 0 0 0 -314.240000 -70.240000 -314.240000 -70.240000 -314.240000 -70.240000 0.0 0 
0.000000
 1 415 415 p_salt_mine Salt_Mine 00000000000002114882 0 0 3 0 0 0 0 0 14.200000 -31.000000 14.200000 -31.000000 14.200000 -31.000000 0.0 0 
0.000000
 1 416 416 p_four_ways_inn Four_Ways_Inn 00000000000002114882 0 0 3 0 0 0 0 0 400.610000 -106.690000 400.610000 -106.690000 400.610000 -106.690000 0.0 0 
0.000000
 1 417 417 p_test_scene test_scene 00000000000002114882 0 0 3 0 0 0 0 0 10.800000 -19.600000 10.800000 -19.600000 10.800000 -19.600000 0.0 0 
0.000000
 1 418 418 p_battlefields battlefields 00000000000002114882 0 0 3 0 0 0 0 0 10.800000 -16.600000 10.800000 -16.600000 10.800000 -16.600000 0.0 0 
0.000000
 1 419 419 p_dhorak_keep Dhorak_Keep 00000000000002639116 0 0 3 0 0 0 0 0 -50.000000 -58.000000 -50.000000 -58.000000 -50.000000 -58.000000 0.0 0 
0.000000
 1 420 420 p_training_ground Training_Ground 00000000000002114906 0 0 3 0 0 0 0 0 3.000000 -7.000000 3.000000 -7.000000 3.000000 -7.000000 0.0 0 
0.000000
 1 421 421 p_training_ground_1 Training_Field 00000000000002118746 0 0 3 0 0 0 0 0 98.312600 -52.604200 98.312600 -52.604200 98.312600 -52.604200 0.0 0 
1.745329
 1 422 422 p_training_ground_2 Training_Field 00000000000002118746 0 0 3 0 0 0 0 0 -127.092000 -203.786000 -127.092000 -203.786000 -127.092000 -203.786000 0.0 0 
1.745329
 1 423 423 p_training_ground_3 Training_Field 00000000000002118746 0 0 3 0 0 0 0 0 -119.032000 -17.292000 -119.032000 -17.292000 -119.032000 -17.292000 0.0 0 
1.745329
 1 424 424 p_training_ground_4 Training_Field 00000000000002118746 0 0 3 0 0 0 0 0 -337.190000 232.760000 -337.190000 232.760000 -337.190000 232.760000 0.0 0 
1.745329
 1 425 425 p_training_ground_5 Training_Field 00000000000002118746 0 0 3 0 0 0 0 0 138.366000 130.144000 138.366000 130.144000 138.366000 130.144000 0.0 0 
1.745329
 1 426 426 p_manor_1 Manor 00000000000002114884 0 0 3 0 0 0 0 0 49.296600 -11.895360 49.296600 -11.895360 49.296600 -11.895360 0.0 0 
2.967060
 1 427 427 p_bridge_1 {!}1 00000000000000541789 0 0 3 0 0 0 0 0 -325.980000 20.740000 -325.980000 20.740000 -325.980000 20.740000 0.0 0 
0.321751
 1 428 428 p_bridge_2 {!}2 00000000000000541789 0 0 3 0 0 0 0 0 -282.840000 17.29.880000 -282.840000 17.29.880000 -282.840000 17.29.880000 0.0 0 
1.609738
 1 429 429 p_bridge_3 {!}3 00000000000000541789 0 0 3 0 0 0 0 0 -275.480000 -11.450000 -275.480000 -11.450000 -275.480000 -11.450000 0.0 0 
0.264381
 1 430 430 p_bridge_4 {!}4 00000000000000541789 0 0 3 0 0 0 0 0 -255.430000 12.540000 -255.430000 12.540000 -255.430000 12.540000 0.0 0 
1.437729
 1 431 431 p_bridge_5 {!}5 00000000000000541789 0 0 3 0 0 0 0 0 -349.600000 50.660000 -349.600000 50.660000 -349.600000 50.660000 0.0 0 
0.375246
 1 432 432 p_bridge_6 {!}6 00000000000000541788 0 0 3 0 0 0 0 0 -325.330000 70.870000 -325.330000 70.870000 -325.330000 70.870000 0.0 0 
-0.123183
 1 433 433 p_bridge_7 {!}7 00000000000000541788 0 0 3 0 0 0 0 0 -345.780000 65.070000 -345.780000 65.070000 -345.780000 65.070000 0.0 0 
-1.532056
 1 434 434 p_bridge_8 {!}8 00000000000000541788 0 0 3 0 0 0 0 0 -323.920000 86.580000 -323.920000 86.580000 -323.920000 86.580000 0.0 0 
0.030020
 1 435 435 p_bridge_9 {!}9 00000000000000541788 0 0 3 0 0 0 0 0 -281.820000 91.260000 -281.820000 91.260000 -281.820000 91.260000 0.0 0 
0.194778
 1 436 436 p_bridge_10 {!}10 00000000000000541788 0 0 3 0 0 0 0 0 -338.610000 102.910000 -338.610000 102.910000 -338.610000 102.910000 0.0 0 
-1.498077
 1 437 437 p_bridge_11 {!}11 00000000000000541787 0 0 3 0 0 0 0 0 -311.590000 136.870000 -311.590000 136.870000 -311.590000 136.870000 0.0 0 
-1.164144
 1 438 438 p_bridge_12 {!}12 00000000000000541787 0 0 3 0 0 0 0 0 239.960000 -43.270000 239.960000 -43.270000 239.960000 -43.270000 0.0 0 
-0.839693
 1 439 439 p_bridge_13 {!}13 00000000000000541787 0 0 3 0 0 0 0 0 279.480000 -35.500000 279.480000 -35.500000 279.480000 -35.500000 0.0 0 
-0.308923
 1 440 440 p_bridge_14 {!}14 00000000000000541787 0 0 3 0 0 0 0 0 197.480000 65.900000 197.480000 65.900000 197.480000 65.900000 0.0 0 
1.508022
 1 441 441 p_looter_spawn_point {!}looter_sp 00000000000000001280 0 0 2 0 0 0 0 0 27.200000 82.410000 27.200000 82.410000 27.200000 82.410000 0.0 1 363 15 0 0 
0.000000
 1 442 442 p_steppe_bandit_spawn_point the_steppes 00000000000000001280 0 0 2 0 0 0 0 0 -99.830000 -35.730000 -99.830000 -35.730000 -99.830000 -35.730000 0.0 1 363 15 0 0 
0.000000
 1 443 443 p_taiga_bandit_spawn_point the_tundra 00000000000000001280 0 0 2 0 0 0 0 0 185.590000 -147.510000 185.590000 -147.510000 185.590000 -147.510000 0.0 1 363 15 0 0 
0.000000
 1 444 444 p_forest_bandit_spawn_point the_forests 00000000000000001280 0 0 2 0 0 0 0 0 86.090000 116.930000 86.090000 116.930000 86.090000 116.930000 0.0 1 363 15 0 0 
0.000000
 1 445 445 p_mountain_bandit_spawn_point the_highlands 00000000000000001280 0 0 2 0 0 0 0 0 300.500000 -71.230000 300.500000 -71.230000 300.500000 -71.230000 0.0 1 363 15 0 0 
0.000000
 1 446 446 p_sea_raider_spawn_point_1 the_coast 00000000000000001280 0 0 2 0 0 0 0 0 -33.870000 151.740000 -33.870000 151.740000 -33.870000 151.740000 0.0 1 363 15 0 0 
0.000000
 1 447 447 p_sea_raider_spawn_point_2 the_coast 00000000000000001280 0 0 2 0 0 0 0 0 134.710000 112.580000 134.710000 112.580000 134.710000 112.580000 0.0 1 363 15 0 0 
0.000000
 1 448 448 p_desert_bandit_spawn_point the_deserts 00000000000000001280 0 0 2 0 0 0 0 0 -17.900000 -40.710000 -17.900000 -40.710000 -17.900000 -40.710000 0.0 1 363 15 0 0 
0.000000
 1 449 449 p_spawn_points_end {!}last_spawn_point 00000000000000001280 0 0 1 0 0 0 0 0 0.000000 0.000000 0.000000 0.000000 0.000000 0.000000 0.0 1 363 15 0 0 
0.000000
 1 450 450 p_reserved_1 {!}last_spawn_point 00000000000000001280 0 0 1 0 0 0 0 0 0.000000 0.000000 0.000000 0.000000 0.000000 0.000000 0.0 1 363 15 0 0 
0.000000
 1 451 451 p_reserved_2 {!}last_spawn_point 00000000000000001280 0 0 1 0 0 0 0 0 0.000000 0.000000 0.000000 0.000000 0.000000 0.000000 0.0 1 363 15 0 0 
0.000000
 1 452 452 p_reserved_3 {!}last_spawn_point 00000000000000001280 0 0 1 0 0 0 0 0 0.000000 0.000000 0.000000 0.000000 0.000000 0.000000 0.0 1 363 15 0 0 
0.000000
 1 453 453 p_reserved_4 {!}last_spawn_point 00000000000000001280 0 0 1 0 0 0 0 0 0.000000 0.000000 0.000000 0.000000 0.000000 0.000000 0.0 1 363 15 0 0 
0.000000
 1 454 454 p_reserved_5 {!}last_spawn_point 00000000000000001280 0 0 1 0 0 0 0 0 0.000000 0.000000 0.000000 0.000000 0.000000 0.000000 0.0 1 363 15 0 0 
0.000000
