factionsfile version 1
41
fac_no_faction No_Faction 0 11184810 
 0.900000 0.000000 0.000000 0.000000 0.000000 0.000000 0.000000 0.000000 0.000000 0.000000 0.000000 0.000000 0.000000 0.000000 0.000000 0.000000 0.000000 0.000000 0.000000 0.000000 0.000000 0.000000 0.000000 0.000000 0.000000 0.000000 0.000000 0.000000 0.000000 0.000000 0.000000 0.000000 0.000000 0.000000 0.000000 0.000000 0.000000 0.000000 0.000000 0.000000 0.000000 
0 fac_commoners Commoners 0 11184810 
 0.000000 0.100000 -0.600000 0.000000 0.000000 0.000000 0.000000 0.000000 0.000000 0.000000 0.000000 0.000000 0.000000 0.000000 0.100000 0.000000 0.000000 0.000000 0.000000 0.000000 0.000000 0.000000 0.000000 0.000000 0.000000 0.000000 0.000000 0.000000 0.000000 0.000000 0.000000 0.000000 0.000000 0.000000 -0.200000 -0.200000 -0.700000 -0.700000 0.000000 0.000000 0.000000 
0 fac_outlaws Outlaws 33280 8947848 
 0.000000 -0.600000 0.500000 0.000000 0.000000 -0.050000 -0.500000 0.000000 0.000000 0.000000 0.000000 0.000000 0.000000 0.000000 -0.150000 -0.050000 -0.020000 -0.020000 -0.020000 -0.020000 -0.020000 -0.020000 -0.020000 -0.020000 -0.020000 -0.020000 -0.020000 -0.020000 0.000000 0.000000 0.000000 0.000000 -0.600000 0.000000 0.000000 0.000000 0.000000 0.000000 0.000000 0.000000 0.000000 
0 fac_neutral Neutral 0 16777215 
 0.000000 0.000000 0.000000 0.100000 0.000000 0.000000 0.000000 0.000000 0.000000 0.000000 0.000000 0.000000 0.000000 0.000000 0.000000 0.000000 0.000000 0.000000 0.000000 0.000000 0.000000 0.000000 0.000000 0.000000 0.000000 0.000000 0.000000 0.000000 0.000000 0.000000 0.000000 0.000000 0.000000 0.000000 0.000000 0.000000 0.000000 0.000000 0.000000 0.000000 0.000000 
0 fac_neutral_new Neutral 0 16777215 
 0.000000 0.000000 0.000000 0.000000 0.100000 0.000000 0.000000 0.000000 0.000000 0.000000 0.000000 0.000000 0.000000 0.000000 0.000000 -0.020000 -0.020000 -0.020000 -0.020000 -0.020000 -0.020000 -0.020000 -0.020000 -0.020000 -0.020000 -0.020000 -0.020000 -0.020000 0.000000 0.000000 0.000000 0.000000 0.000000 0.000000 0.000000 0.000000 0.000000 0.000000 0.000000 0.000000 0.000000 
0 fac_innocents Innocents 1 11184810 
 0.000000 0.000000 -0.050000 0.000000 0.000000 0.500000 0.000000 -0.900000 0.000000 0.000000 0.000000 0.000000 0.000000 0.000000 0.000000 0.000000 0.000000 0.000000 0.000000 0.000000 0.000000 0.000000 0.000000 0.000000 0.000000 0.000000 0.000000 0.000000 0.000000 0.000000 0.000000 0.000000 0.000000 0.000000 0.000000 0.000000 0.000000 0.000000 0.000000 0.000000 0.000000 
0 fac_merchants Merchants 1 11184810 
 0.000000 0.000000 -0.500000 0.000000 0.000000 0.000000 0.500000 0.000000 0.000000 0.000000 0.000000 0.000000 0.000000 0.000000 0.000000 0.000000 0.000000 0.000000 0.000000 0.000000 0.000000 0.000000 0.000000 0.000000 0.000000 0.000000 0.000000 0.000000 0.000000 0.000000 0.000000 0.000000 0.000000 -0.500000 -0.500000 -0.500000 0.000000 0.000000 0.000000 0.000000 0.000000 
0 fac_dark_knights {!}Dark_Knights 0 11184810 
 0.000000 0.000000 0.000000 0.000000 0.000000 -0.900000 0.000000 0.500000 0.000000 0.000000 0.000000 0.000000 0.000000 0.000000 -0.400000 0.000000 0.000000 0.000000 0.000000 0.000000 0.000000 0.000000 0.000000 0.000000 0.000000 0.000000 0.000000 0.000000 0.000000 0.000000 0.000000 0.000000 0.000000 0.000000 0.000000 0.000000 0.000000 0.000000 0.000000 0.000000 0.000000 
0 fac_culture_1 {!}culture_1 0 11184810 
 0.000000 0.000000 0.000000 0.000000 0.000000 0.000000 0.000000 0.000000 0.900000 0.000000 0.000000 0.000000 0.000000 0.000000 0.000000 0.000000 0.000000 0.000000 0.000000 0.000000 0.000000 0.000000 0.000000 0.000000 0.000000 0.000000 0.000000 0.000000 0.000000 0.000000 0.000000 0.000000 0.000000 0.000000 0.000000 0.000000 0.000000 0.000000 0.000000 0.000000 0.000000 
0 fac_culture_2 {!}culture_2 0 11184810 
 0.000000 0.000000 0.000000 0.000000 0.000000 0.000000 0.000000 0.000000 0.000000 0.900000 0.000000 0.000000 0.000000 0.000000 0.000000 0.000000 0.000000 0.000000 0.000000 0.000000 0.000000 0.000000 0.000000 0.000000 0.000000 0.000000 0.000000 0.000000 0.000000 0.000000 0.000000 0.000000 0.000000 0.000000 0.000000 0.000000 0.000000 0.000000 0.000000 0.000000 0.000000 
0 fac_culture_3 {!}culture_3 0 11184810 
 0.000000 0.000000 0.000000 0.000000 0.000000 0.000000 0.000000 0.000000 0.000000 0.000000 0.900000 0.000000 0.000000 0.000000 0.000000 0.000000 0.000000 0.000000 0.000000 0.000000 0.000000 0.000000 0.000000 0.000000 0.000000 0.000000 0.000000 0.000000 0.000000 0.000000 0.000000 0.000000 0.000000 0.000000 0.000000 0.000000 0.000000 0.000000 0.000000 0.000000 0.000000 
0 fac_culture_4 {!}culture_4 0 11184810 
 0.000000 0.000000 0.000000 0.000000 0.000000 0.000000 0.000000 0.000000 0.000000 0.000000 0.000000 0.900000 0.000000 0.000000 0.000000 0.000000 0.000000 0.000000 0.000000 0.000000 0.000000 0.000000 0.000000 0.000000 0.000000 0.000000 0.000000 0.000000 0.000000 0.000000 0.000000 0.000000 0.000000 0.000000 0.000000 0.000000 0.000000 0.000000 0.000000 0.000000 0.000000 
0 fac_culture_5 {!}culture_5 0 11184810 
 0.000000 0.000000 0.000000 0.000000 0.000000 0.000000 0.000000 0.000000 0.000000 0.000000 0.000000 0.000000 0.900000 0.000000 0.000000 0.000000 0.000000 0.000000 0.000000 0.000000 0.000000 0.000000 0.000000 0.000000 0.000000 0.000000 0.000000 0.000000 0.000000 0.000000 0.000000 0.000000 0.000000 0.000000 0.000000 0.000000 0.000000 0.000000 0.000000 0.000000 0.000000 
0 fac_culture_6 {!}culture_6 0 11184810 
 0.000000 0.000000 0.000000 0.000000 0.000000 0.000000 0.000000 0.000000 0.000000 0.000000 0.000000 0.000000 0.000000 0.900000 0.000000 0.000000 0.000000 0.000000 0.000000 0.000000 0.000000 0.000000 0.000000 0.000000 0.000000 0.000000 0.000000 0.000000 0.000000 0.000000 0.000000 0.000000 0.000000 0.000000 0.000000 0.000000 0.000000 0.000000 0.000000 0.000000 0.000000 
0 fac_player_faction Player_Faction 0 11184810 
 0.000000 0.100000 -0.150000 0.000000 0.000000 0.000000 0.000000 -0.400000 0.000000 0.000000 0.000000 0.000000 0.000000 0.000000 0.900000 1.000000 0.000000 0.000000 0.000000 0.000000 0.000000 0.000000 0.000000 0.000000 0.000000 0.000000 0.000000 0.000000 0.000000 0.000000 0.000000 -0.300000 0.100000 -0.100000 -0.150000 -0.150000 -0.500000 -0.500000 0.000000 -0.400000 0.000000 
0 fac_player_supporters_faction Player's_Supporters 0 16729139 
 0.000000 0.000000 -0.050000 0.000000 -0.020000 0.000000 0.000000 0.000000 0.000000 0.000000 0.000000 0.000000 0.000000 0.000000 1.000000 0.900000 0.000000 0.000000 0.000000 0.000000 0.000000 0.000000 0.000000 0.000000 0.000000 0.000000 0.000000 0.000000 0.000000 0.000000 0.000000 0.000000 0.000000 -0.020000 -0.050000 -0.050000 0.000000 0.000000 0.000000 -0.100000 0.000000 
0 fac_kingdom_1 Caocao 0 255 
 0.000000 0.000000 -0.020000 0.000000 -0.020000 0.000000 0.000000 0.000000 0.000000 0.000000 0.000000 0.000000 0.000000 0.000000 0.000000 0.000000 0.900000 0.000000 0.000000 0.000000 0.000000 0.000000 0.000000 0.000000 0.000000 0.000000 0.000000 0.000000 0.000000 0.000000 0.000000 -0.020000 0.000000 -0.020000 -0.020000 -0.020000 0.000000 0.000000 0.000000 -0.100000 0.000000 
0 fac_kingdom_2 Liubei 0 7723556 
 0.000000 0.000000 -0.020000 0.000000 -0.020000 0.000000 0.000000 0.000000 0.000000 0.000000 0.000000 0.000000 0.000000 0.000000 0.000000 0.000000 0.000000 0.900000 0.000000 0.000000 0.000000 0.000000 0.000000 0.000000 0.000000 0.000000 0.000000 0.000000 0.000000 0.000000 0.000000 -0.020000 0.000000 -0.020000 -0.020000 -0.020000 0.000000 0.000000 0.000000 -0.100000 0.000000 
0 fac_kingdom_3 Yuanshao 0 15723821 
 0.000000 0.000000 -0.020000 0.000000 -0.020000 0.000000 0.000000 0.000000 0.000000 0.000000 0.000000 0.000000 0.000000 0.000000 0.000000 0.000000 0.000000 0.000000 0.900000 0.000000 0.000000 0.000000 0.000000 0.000000 0.000000 0.000000 0.000000 0.000000 0.000000 0.000000 0.000000 0.000000 0.000000 -0.020000 -0.020000 -0.020000 0.000000 0.000000 0.000000 -0.100000 0.000000 
0 fac_kingdom_4 Liubiao 0 3006447 
 0.000000 0.000000 -0.020000 0.000000 -0.020000 0.000000 0.000000 0.000000 0.000000 0.000000 0.000000 0.000000 0.000000 0.000000 0.000000 0.000000 0.000000 0.000000 0.000000 0.900000 0.000000 0.000000 0.000000 0.000000 0.000000 0.000000 0.000000 0.000000 0.000000 0.000000 0.000000 0.000000 0.000000 -0.020000 -0.020000 -0.020000 0.000000 0.000000 0.000000 -0.100000 0.000000 
0 fac_kingdom_5 Sunquan 0 10490982 
 0.000000 0.000000 -0.020000 0.000000 -0.020000 0.000000 0.000000 0.000000 0.000000 0.000000 0.000000 0.000000 0.000000 0.000000 0.000000 0.000000 0.000000 0.000000 0.000000 0.000000 0.900000 0.000000 0.000000 0.000000 0.000000 0.000000 0.000000 0.000000 0.000000 0.000000 0.000000 0.000000 0.000000 -0.020000 -0.020000 -0.020000 0.000000 0.000000 0.000000 -0.100000 0.000000 
0 fac_kingdom_6 Dongzhuo 0 16747008 
 0.000000 0.000000 -0.020000 0.000000 -0.020000 0.000000 0.000000 0.000000 0.000000 0.000000 0.000000 0.000000 0.000000 0.000000 0.000000 0.000000 0.000000 0.000000 0.000000 0.000000 0.000000 0.900000 0.000000 0.000000 0.000000 0.000000 0.000000 0.000000 0.000000 0.000000 0.000000 0.000000 0.000000 -0.020000 -0.020000 -0.020000 0.000000 0.000000 0.000000 -0.100000 0.000000 
0 fac_kingdom_7 Gongsunzan 0 14792881 
 0.000000 0.000000 -0.020000 0.000000 -0.020000 0.000000 0.000000 0.000000 0.000000 0.000000 0.000000 0.000000 0.000000 0.000000 0.000000 0.000000 0.000000 0.000000 0.000000 0.000000 0.000000 0.000000 0.900000 0.000000 0.000000 0.000000 0.000000 0.000000 0.000000 0.000000 0.000000 0.000000 0.000000 -0.020000 -0.020000 -0.020000 0.000000 0.000000 0.000000 -0.100000 0.000000 
0 fac_kingdom_8 Kongrong 0 5557165 
 0.000000 0.000000 -0.020000 0.000000 -0.020000 0.000000 0.000000 0.000000 0.000000 0.000000 0.000000 0.000000 0.000000 0.000000 0.000000 0.000000 0.000000 0.000000 0.000000 0.000000 0.000000 0.000000 0.000000 0.900000 0.000000 0.000000 0.000000 0.000000 0.000000 0.000000 0.000000 0.000000 0.000000 -0.020000 -0.020000 -0.020000 0.000000 0.000000 0.000000 -0.100000 0.000000 
0 fac_kingdom_9 Liuyan 0 8651007 
 0.000000 0.000000 -0.020000 0.000000 -0.020000 0.000000 0.000000 0.000000 0.000000 0.000000 0.000000 0.000000 0.000000 0.000000 0.000000 0.000000 0.000000 0.000000 0.000000 0.000000 0.000000 0.000000 0.000000 0.000000 0.900000 0.000000 0.000000 0.000000 0.000000 0.000000 0.000000 0.000000 0.000000 -0.020000 -0.020000 -0.020000 0.000000 0.000000 0.000000 -0.100000 0.000000 
0 fac_kingdom_10 Mateng 0 11435790 
 0.000000 0.000000 -0.020000 0.000000 -0.020000 0.000000 0.000000 0.000000 0.000000 0.000000 0.000000 0.000000 0.000000 0.000000 0.000000 0.000000 0.000000 0.000000 0.000000 0.000000 0.000000 0.000000 0.000000 0.000000 0.000000 0.900000 0.000000 0.000000 0.000000 0.000000 0.000000 0.000000 0.000000 -0.020000 -0.020000 -0.020000 0.000000 0.000000 0.000000 -0.100000 0.000000 
0 fac_kingdom_11 Taoqian 0 13505237 
 0.000000 0.000000 -0.020000 0.000000 -0.020000 0.000000 0.000000 0.000000 0.000000 0.000000 0.000000 0.000000 0.000000 0.000000 0.000000 0.000000 0.000000 0.000000 0.000000 0.000000 0.000000 0.000000 0.000000 0.000000 0.000000 0.000000 0.900000 0.000000 0.000000 0.000000 0.000000 0.000000 0.000000 -0.020000 -0.020000 -0.020000 0.000000 0.000000 0.000000 -0.100000 0.000000 
0 fac_kingdom_12 Yuanshu 0 9679274 
 0.000000 0.000000 -0.020000 0.000000 -0.020000 0.000000 0.000000 0.000000 0.000000 0.000000 0.000000 0.000000 0.000000 0.000000 0.000000 0.000000 0.000000 0.000000 0.000000 0.000000 0.000000 0.000000 0.000000 0.000000 0.000000 0.000000 0.000000 0.900000 0.000000 0.000000 0.000000 0.000000 0.000000 -0.020000 -0.020000 -0.020000 0.000000 0.000000 0.000000 -0.100000 0.000000 
0 fac_kingdoms_end {!}kingdoms_end 0 11184810 
 0.000000 0.000000 0.000000 0.000000 0.000000 0.000000 0.000000 0.000000 0.000000 0.000000 0.000000 0.000000 0.000000 0.000000 0.000000 0.000000 0.000000 0.000000 0.000000 0.000000 0.000000 0.000000 0.000000 0.000000 0.000000 0.000000 0.000000 0.000000 0.000000 0.000000 0.000000 0.000000 0.000000 0.000000 0.000000 0.000000 0.000000 0.000000 0.000000 0.000000 0.000000 
0 fac_robber_knights {!}robber_knights 0 11184810 
 0.000000 0.000000 0.000000 0.000000 0.000000 0.000000 0.000000 0.000000 0.000000 0.000000 0.000000 0.000000 0.000000 0.000000 0.000000 0.000000 0.000000 0.000000 0.000000 0.000000 0.000000 0.000000 0.000000 0.000000 0.000000 0.000000 0.000000 0.000000 0.000000 0.100000 0.000000 0.000000 0.000000 0.000000 0.000000 0.000000 0.000000 0.000000 0.000000 0.000000 0.000000 
0 fac_khergits {!}Khergits 0 11184810 
 0.000000 0.000000 0.000000 0.000000 0.000000 0.000000 0.000000 0.000000 0.000000 0.000000 0.000000 0.000000 0.000000 0.000000 0.000000 0.000000 0.000000 0.000000 0.000000 0.000000 0.000000 0.000000 0.000000 0.000000 0.000000 0.000000 0.000000 0.000000 0.000000 0.000000 0.500000 0.000000 0.000000 0.000000 0.000000 0.000000 0.000000 0.000000 0.000000 0.000000 0.000000 
0 fac_black_khergits {!}Black_Khergits 0 11184810 
 0.000000 0.000000 0.000000 0.000000 0.000000 0.000000 0.000000 0.000000 0.000000 0.000000 0.000000 0.000000 0.000000 0.000000 -0.300000 0.000000 -0.020000 -0.020000 0.000000 0.000000 0.000000 0.000000 0.000000 0.000000 0.000000 0.000000 0.000000 0.000000 0.000000 0.000000 0.000000 0.500000 0.000000 0.000000 0.000000 0.000000 0.000000 0.000000 0.000000 0.000000 0.000000 
0 fac_manhunters Manhunters 0 11184810 
 0.000000 0.000000 -0.600000 0.000000 0.000000 0.000000 0.000000 0.000000 0.000000 0.000000 0.000000 0.000000 0.000000 0.000000 0.100000 0.000000 0.000000 0.000000 0.000000 0.000000 0.000000 0.000000 0.000000 0.000000 0.000000 0.000000 0.000000 0.000000 0.000000 0.000000 0.000000 0.000000 0.500000 -0.600000 -0.600000 -0.600000 0.000000 0.000000 0.000000 0.000000 0.000000 
0 fac_deserters Deserters 0 8947848 
 0.000000 0.000000 0.000000 0.000000 0.000000 0.000000 -0.500000 0.000000 0.000000 0.000000 0.000000 0.000000 0.000000 0.000000 -0.100000 -0.020000 -0.020000 -0.020000 -0.020000 -0.020000 -0.020000 -0.020000 -0.020000 -0.020000 -0.020000 -0.020000 -0.020000 -0.020000 0.000000 0.000000 0.000000 0.000000 -0.600000 0.500000 0.000000 0.000000 0.000000 0.000000 0.000000 0.000000 0.000000 
0 fac_mountain_bandits Mountain_Bandits 0 8947848 
 0.000000 -0.200000 0.000000 0.000000 0.000000 0.000000 -0.500000 0.000000 0.000000 0.000000 0.000000 0.000000 0.000000 0.000000 -0.150000 -0.050000 -0.020000 -0.020000 -0.020000 -0.020000 -0.020000 -0.020000 -0.020000 -0.020000 -0.020000 -0.020000 -0.020000 -0.020000 0.000000 0.000000 0.000000 0.000000 -0.600000 0.000000 0.500000 0.000000 0.000000 0.000000 0.000000 0.000000 0.000000 
0 fac_forest_bandits Forest_Bandits 0 8947848 
 0.000000 -0.200000 0.000000 0.000000 0.000000 0.000000 -0.500000 0.000000 0.000000 0.000000 0.000000 0.000000 0.000000 0.000000 -0.150000 -0.050000 -0.020000 -0.020000 -0.020000 -0.020000 -0.020000 -0.020000 -0.020000 -0.020000 -0.020000 -0.020000 -0.020000 -0.020000 0.000000 0.000000 0.000000 0.000000 -0.600000 0.000000 0.000000 0.500000 0.000000 0.000000 0.000000 0.000000 0.000000 
0 fac_undeads {!}Undeads 33280 11184810 
 0.000000 -0.700000 0.000000 0.000000 0.000000 0.000000 0.000000 0.000000 0.000000 0.000000 0.000000 0.000000 0.000000 0.000000 -0.500000 0.000000 0.000000 0.000000 0.000000 0.000000 0.000000 0.000000 0.000000 0.000000 0.000000 0.000000 0.000000 0.000000 0.000000 0.000000 0.000000 0.000000 0.000000 0.000000 0.000000 0.000000 0.500000 0.000000 0.000000 0.000000 0.000000 
0 fac_unborn {!}unborn 33280 11184810 
 0.000000 -0.700000 0.000000 0.000000 0.000000 0.000000 0.000000 0.000000 0.000000 0.000000 0.000000 0.000000 0.000000 0.000000 -0.500000 0.000000 0.000000 0.000000 0.000000 0.000000 0.000000 0.000000 0.000000 0.000000 0.000000 0.000000 0.000000 0.000000 0.000000 0.000000 0.000000 0.000000 0.000000 0.000000 0.000000 0.000000 0.000000 0.500000 0.000000 0.000000 0.000000 
0 fac_slavers {!}Slavers 0 11184810 
 0.000000 0.000000 0.000000 0.000000 0.000000 0.000000 0.000000 0.000000 0.000000 0.000000 0.000000 0.000000 0.000000 0.000000 0.000000 0.000000 0.000000 0.000000 0.000000 0.000000 0.000000 0.000000 0.000000 0.000000 0.000000 0.000000 0.000000 0.000000 0.000000 0.000000 0.000000 0.000000 0.000000 0.000000 0.000000 0.000000 0.000000 0.000000 0.100000 0.000000 0.000000 
0 fac_peasant_rebels {!}Peasant_Rebels 0 11184810 
 0.000000 0.000000 0.000000 0.000000 0.000000 0.000000 0.000000 0.000000 0.000000 0.000000 0.000000 0.000000 0.000000 0.000000 -0.400000 -0.100000 -0.100000 -0.100000 -0.100000 -0.100000 -0.100000 -0.100000 -0.100000 -0.100000 -0.100000 -0.100000 -0.100000 -0.100000 0.000000 0.000000 0.000000 0.000000 0.000000 0.000000 0.000000 0.000000 0.000000 0.000000 0.000000 1.000000 -1.000000 
0 fac_noble_refugees {!}Noble_Refugees 0 11184810 
 0.000000 0.000000 0.000000 0.000000 0.000000 0.000000 0.000000 0.000000 0.000000 0.000000 0.000000 0.000000 0.000000 0.000000 0.000000 0.000000 0.000000 0.000000 0.000000 0.000000 0.000000 0.000000 0.000000 0.000000 0.000000 0.000000 0.000000 0.000000 0.000000 0.000000 0.000000 0.000000 0.000000 0.000000 0.000000 0.000000 0.000000 0.000000 0.000000 -1.000000 0.500000 
0 
