partiesfile version 1
271 271
 1 0 0 p_main_party Main_Party 00000000000001048576 0 0 14 0 0 0 0 0 17.000000 52.500000 17.000000 52.500000 17.000000 52.500000 0.0 1 0 1 0 0 
0.000000
 1 1 1 p_temp_party {!}temp_party 00000000000000000256 0 0 1 0 0 0 0 0 0.000000 0.000000 0.000000 0.000000 0.000000 0.000000 0.0 0 
0.000000
 1 2 2 p_camp_bandits {!}camp_bandits 00000000000000000256 0 0 2 0 0 0 0 0 1.000000 1.000000 1.000000 1.000000 1.000000 1.000000 0.0 1 3 3 0 0 
0.000000
 1 3 3 p_temp_party_2 {!}temp_party_2 00000000000000000256 0 0 1 0 0 0 0 0 0.000000 0.000000 0.000000 0.000000 0.000000 0.000000 0.0 0 
0.000000
 1 4 4 p_temp_casualties {!}casualties 00000000000000000256 0 0 3 0 0 0 0 0 1.000000 1.000000 1.000000 1.000000 1.000000 1.000000 0.0 0 
0.000000
 1 5 5 p_temp_casualties_2 {!}casualties 00000000000000000256 0 0 3 0 0 0 0 0 1.000000 1.000000 1.000000 1.000000 1.000000 1.000000 0.0 0 
0.000000
 1 6 6 p_temp_casualties_3 {!}casualties 00000000000000000256 0 0 3 0 0 0 0 0 1.000000 1.000000 1.000000 1.000000 1.000000 1.000000 0.0 0 
0.000000
 1 7 7 p_temp_wounded {!}enemies_wounded 00000000000000000256 0 0 3 0 0 0 0 0 1.000000 1.000000 1.000000 1.000000 1.000000 1.000000 0.0 0 
0.000000
 1 8 8 p_temp_killed {!}enemies_killed 00000000000000000256 0 0 3 0 0 0 0 0 1.000000 1.000000 1.000000 1.000000 1.000000 1.000000 0.0 0 
0.000000
 1 9 9 p_main_party_backup {!}_ 00000000000000000256 0 0 3 0 0 0 0 0 1.000000 1.000000 1.000000 1.000000 1.000000 1.000000 0.0 0 
0.000000
 1 10 10 p_encountered_party_backup {!}_ 00000000000000000256 0 0 3 0 0 0 0 0 1.000000 1.000000 1.000000 1.000000 1.000000 1.000000 0.0 0 
0.000000
 1 11 11 p_collective_friends_backup {!}_ 00000000000000000256 0 0 3 0 0 0 0 0 1.000000 1.000000 1.000000 1.000000 1.000000 1.000000 0.0 0 
0.000000
 1 12 12 p_player_casualties {!}_ 00000000000000000256 0 0 3 0 0 0 0 0 1.000000 1.000000 1.000000 1.000000 1.000000 1.000000 0.0 0 
0.000000
 1 13 13 p_enemy_casualties {!}_ 00000000000000000256 0 0 3 0 0 0 0 0 1.000000 1.000000 1.000000 1.000000 1.000000 1.000000 0.0 0 
0.000000
 1 14 14 p_ally_casualties {!}_ 00000000000000000256 0 0 3 0 0 0 0 0 1.000000 1.000000 1.000000 1.000000 1.000000 1.000000 0.0 0 
0.000000
 1 15 15 p_collective_enemy {!}collective_enemy 00000000000000000256 0 0 3 0 0 0 0 0 1.000000 1.000000 1.000000 1.000000 1.000000 1.000000 0.0 0 
0.000000
 1 16 16 p_collective_ally {!}collective_ally 00000000000000000256 0 0 3 0 0 0 0 0 1.000000 1.000000 1.000000 1.000000 1.000000 1.000000 0.0 0 
0.000000
 1 17 17 p_collective_friends {!}collective_ally 00000000000000000256 0 0 3 0 0 0 0 0 1.000000 1.000000 1.000000 1.000000 1.000000 1.000000 0.0 0 
0.000000
 1 18 18 p_total_enemy_casualties {!}_ 00000000000000000256 0 0 3 0 0 0 0 0 1.000000 1.000000 1.000000 1.000000 1.000000 1.000000 0.0 0 
0.000000
 1 19 19 p_routed_enemies {!}routed_enemies 00000000000000000256 0 0 3 0 0 0 0 0 1.000000 1.000000 1.000000 1.000000 1.000000 1.000000 0.0 0 
0.000000
 1 20 20 p_freelancer_party_backup {!} 00000000000000000256 0 0 3 0 0 0 0 0 1.000000 1.000000 1.000000 1.000000 1.000000 1.000000 0.0 0 
0.000000
 1 21 21 p_zendar Zendar 00000000000002114592 0 0 3 0 0 0 0 0 -33.620000 -62.860000 -33.620000 -62.860000 -33.620000 -62.860000 0.0 0 
0.000000
 1 22 22 p_town_1 Sargoth 00000000000004219916 0 0 3 0 0 0 0 0 14.500000 22.760000 14.500000 22.760000 14.500000 22.760000 0.0 0 
2.967060
 1 23 23 p_town_2 Tihr 00000000000004219916 0 0 3 0 0 0 0 0 54.051570 45.386800 54.051570 45.386800 54.051570 45.386800 0.0 0 
2.094395
 1 24 24 p_town_3 Veluca 00000000000004219916 0 0 3 0 0 0 0 0 -33.082990 16.303050 -33.082990 16.303050 -33.082990 16.303050 0.0 0 
1.396263
 1 25 25 p_town_4 Suno 00000000000004219916 0 0 3 0 0 0 0 0 -43.584340 -4.750474 -43.584340 -4.750474 -43.584340 -4.750474 0.0 0 
5.061455
 1 26 26 p_town_5 Jelkala 00000000000004219916 0 0 3 0 0 0 0 0 -40.114640 27.146110 -40.114640 27.146110 -40.114640 27.146110 0.0 0 
1.570796
 1 27 27 p_town_6 Praven 00000000000004219916 0 0 3 0 0 0 0 0 16.032110 -5.570555 16.032110 -5.570555 16.032110 -5.570555 0.0 0 
2.705260
 1 28 28 p_town_7 Uxkhal 00000000000004219916 0 0 3 0 0 0 0 0 -0.220000 2.880000 -0.220000 2.880000 -0.220000 2.880000 0.0 0 
4.188790
 1 29 29 p_town_8 Reyvadin 00000000000004219916 0 0 3 0 0 0 0 0 80.610000 37.200000 80.610000 37.200000 80.610000 37.200000 0.0 0 
3.054326
 1 30 30 p_town_9 Khudan 00000000000004219916 0 0 3 0 0 0 0 0 62.411220 8.138440 62.411220 8.138440 62.411220 8.138440 0.0 0 
1.570796
 1 31 31 p_town_10 Tulga 00000000000004219917 0 0 3 0 0 0 0 0 -5.867482 -19.084380 -5.867482 -19.084380 -5.867482 -19.084380 0.0 0 
5.410521
 1 32 32 p_town_11 Curaw 00000000000004219916 0 0 3 0 0 0 0 0 -9.365623 31.359570 -9.365623 31.359570 -9.365623 31.359570 0.0 0 
2.617994
 1 33 33 p_town_12 Wercheg 00000000000004219916 0 0 3 0 0 0 0 0 11.000000 38.970000 11.000000 38.970000 11.000000 38.970000 0.0 0 
0.436332
 1 34 34 p_town_13 Rivacheg 00000000000004219916 0 0 3 0 0 0 0 0 46.480000 -9.550000 46.480000 -9.550000 46.480000 -9.550000 0.0 0 
1.047198
 1 35 35 p_town_14 Halmar 00000000000004219917 0 0 3 0 0 0 0 0 -45.800000 -27.990000 -45.800000 -27.990000 -45.800000 -27.990000 0.0 0 
2.356194
 1 36 36 p_town_15 Yalen 00000000000004219916 0 0 3 0 0 0 0 0 -63.421650 28.670670 -63.421650 28.670670 -63.421650 28.670670 0.0 0 
0.785398
 1 37 37 p_town_16 Dhirim 00000000000004219916 0 0 3 0 0 0 0 0 -10.795590 12.189780 -10.795590 12.189780 -10.795590 12.189780 0.0 0 
0.000000
 1 38 38 p_town_17 Ichamur 00000000000004219917 0 0 3 0 0 0 0 0 15.794360 -63.624020 15.794360 -63.624020 15.794360 -63.624020 0.0 0 
1.570796
 1 39 39 p_town_18 Narra 00000000000004219917 0 0 3 0 0 0 0 0 -22.000000 -52.500000 -22.000000 -52.500000 -22.000000 -52.500000 0.0 0 
2.356194
 1 40 40 p_town_19 Shariz 00000000000004219918 0 0 3 0 0 0 0 0 109.863700 -49.695800 109.863700 -49.695800 109.863700 -49.695800 0.0 0 
0.785398
 1 41 41 p_town_20 Durquba 00000000000004219918 0 0 3 0 0 0 0 0 12.560000 9.480000 12.560000 9.480000 12.560000 9.480000 0.0 0 
4.712389
 1 42 42 p_town_21 Ahmerrad 00000000000004219918 0 0 3 0 0 0 0 0 85.500000 87.760000 85.500000 87.760000 85.500000 87.760000 0.0 0 
5.759586
 1 43 43 p_town_22 Bariyye 00000000000004219918 0 0 3 0 0 0 0 0 -13.426760 -32.525590 -13.426760 -32.525590 -13.426760 -32.525590 0.0 0 
3.926991
 1 44 44 p_town_23 Changsha 00000000000004219917 0 0 3 0 0 0 0 0 -0.421700 59.284360 -0.421700 59.284360 -0.421700 59.284360 0.0 0 
3.926991
 1 45 45 p_castle_1 Culmarr_Castle 00000000000004215838 0 0 3 0 0 0 0 0 23.945360 54.955310 23.945360 54.955310 23.945360 54.955310 0.0 0 
0.872665
 1 46 46 p_castle_2 Malayurg_Castle 00000000000004215839 0 0 3 0 0 0 0 0 -37.180000 -20.620000 -37.180000 -20.620000 -37.180000 -20.620000 0.0 0 
1.308997
 1 47 47 p_castle_3 Bulugha_Castle 00000000000004215838 0 0 3 0 0 0 0 0 32.090000 18.050000 32.090000 18.050000 32.090000 18.050000 0.0 0 
1.745329
 1 48 48 p_castle_4 Radoghir_Castle 00000000000004215840 0 0 3 0 0 0 0 0 63.340000 -34.160000 63.340000 -34.160000 63.340000 -34.160000 0.0 0 
3.141593
 1 49 49 p_castle_5 Tehlrog_Castle 00000000000004215840 0 0 3 0 0 0 0 0 71.427540 52.121090 71.427540 52.121090 71.427540 52.121090 0.0 0 
1.570796
 1 50 50 p_castle_6 Tilbaut_Castle 00000000000004216021 0 0 3 0 0 0 0 0 73.090000 14.490000 73.090000 14.490000 73.090000 14.490000 0.0 0 
2.530727
 1 51 51 p_castle_7 Sungetche_Castle 00000000000004215843 0 0 3 0 0 0 0 0 -88.830000 -77.940000 -88.830000 -77.940000 -88.830000 -77.940000 0.0 0 
0.785398
 1 52 52 p_castle_8 Jeirbe_Castle 00000000000004216020 0 0 3 0 0 0 0 0 82.880000 31.230000 82.880000 31.230000 82.880000 31.230000 0.0 0 
1.797689
 1 53 53 p_castle_10 Alburq_Castle 00000000000004215838 0 0 3 0 0 0 0 0 75.550000 -16.650000 75.550000 -16.650000 75.550000 -16.650000 0.0 0 
1.919862
 1 54 54 p_castle_11 Curin_Castle 00000000000004215838 0 0 3 0 0 0 0 0 93.625160 -35.050230 93.625160 -35.050230 93.625160 -35.050230 0.0 0 
1.308997
 1 55 55 p_castle_12 Chalbek_Castle 00000000000004215839 0 0 3 0 0 0 0 0 -25.365370 -42.239510 -25.365370 -42.239510 -25.365370 -42.239510 0.0 0 
1.658063
 1 56 56 p_castle_13 Kelredan_Castle 00000000000004215838 0 0 3 0 0 0 0 0 29.379110 -2.249971 29.379110 -2.249971 29.379110 -2.249971 0.0 0 
2.007129
 1 57 57 p_castle_14 Maras_Castle 00000000000004215840 0 0 3 0 0 0 0 0 -61.168670 39.420570 -61.168670 39.420570 -61.168670 39.420570 0.0 0 
1.570796
 1 58 58 p_castle_15 Ergellon_Castle 00000000000004215838 0 0 3 0 0 0 0 0 110.000000 87.810000 110.000000 87.810000 110.000000 87.810000 0.0 0 
4.101524
 1 59 59 p_castle_16 Almerra_Castle 00000000000004215840 0 0 3 0 0 0 0 0 -21.214030 45.750760 -21.214030 45.750760 -21.214030 45.750760 0.0 0 
0.785398
 1 60 60 p_castle_17 Distar_Castle 00000000000004215838 0 0 3 0 0 0 0 0 -12.390000 -4.640000 -12.390000 -4.640000 -12.390000 -4.640000 0.0 0 
0.261799
 1 61 61 p_castle_18 Ismirala_Castle 00000000000004216018 0 0 3 0 0 0 0 0 32.640000 6.760000 32.640000 6.760000 32.640000 6.760000 0.0 0 
4.729842
 1 62 62 p_castle_19 Yruma_Castle 00000000000004216019 0 0 3 0 0 0 0 0 71.370000 6.120000 71.370000 6.120000 71.370000 6.120000 0.0 0 
6.213372
 1 63 63 p_castle_22 Unuzdaq_Castle 00000000000004215838 0 0 3 0 0 0 0 0 -28.860000 -30.360000 -28.860000 -30.360000 -28.860000 -30.360000 0.0 0 
4.537856
 1 64 64 p_castle_23 Tevarin_Castle 00000000000004215838 0 0 3 0 0 0 0 0 -37.300000 -3.930000 -37.300000 -3.930000 -37.300000 -3.930000 0.0 0 
1.396263
 1 65 65 p_castle_24 Reindi_Castle 00000000000004215838 0 0 3 0 0 0 0 0 -21.650000 0.980000 -21.650000 0.980000 -21.650000 0.980000 0.0 0 
4.537856
 1 66 66 p_castle_25 Ryibelet_Castle 00000000000004215838 0 0 3 0 0 0 0 0 28.880000 78.660000 28.880000 78.660000 28.880000 78.660000 0.0 0 
4.537856
 1 67 67 p_castle_26 Senuzgda_Castle 00000000000004215838 0 0 3 0 0 0 0 0 11.760000 15.650000 11.760000 15.650000 11.760000 15.650000 0.0 0 
4.537856
 1 68 68 p_castle_27 Rindyar_Castle 00000000000004215838 0 0 3 0 0 0 0 0 -2.590000 -5.880000 -2.590000 -5.880000 -2.590000 -5.880000 0.0 0 
4.537856
 1 69 69 p_castle_28 Grunwalder_Castle 00000000000004215838 0 0 3 0 0 0 0 0 9.600000 108.300000 9.600000 108.300000 9.600000 108.300000 0.0 0 
4.537856
 1 70 70 p_castle_29 Nelag_Castle 00000000000004215843 0 0 3 0 0 0 0 0 79.700000 -85.400000 79.700000 -85.400000 79.700000 -85.400000 0.0 0 
4.886922
 1 71 71 p_castle_30 Asugan_Castle 00000000000004215841 0 0 3 0 0 0 0 0 25.414890 -19.550920 25.414890 -19.550920 25.414890 -19.550920 0.0 0 
4.537856
 1 72 72 p_castle_31 Vyincourd_Castle 00000000000004216018 0 0 3 0 0 0 0 0 7.560000 -7.310000 7.560000 -7.310000 7.560000 -7.310000 0.0 0 
4.537856
 1 73 73 p_castle_32 Knudarr_Castle 00000000000004215838 0 0 3 0 0 0 0 0 -7.419369 -47.073310 -7.419369 -47.073310 -7.419369 -47.073310 0.0 0 
4.537856
 1 74 74 p_castle_33 Etrosq_Castle 00000000000004215838 0 0 3 0 0 0 0 0 -62.385630 93.838580 -62.385630 93.838580 -62.385630 93.838580 0.0 0 
1.396263
 1 75 75 p_castle_34 Hrus_Castle 00000000000004215838 0 0 3 0 0 0 0 0 -44.206490 -60.030260 -44.206490 -60.030260 -44.206490 -60.030260 0.0 0 
4.537856
 1 76 76 p_castle_35 Haringoth_Castle 00000000000004216019 0 0 3 0 0 0 0 0 36.000000 -8.390000 36.000000 -8.390000 36.000000 -8.390000 0.0 0 
-1.049292
 1 77 77 p_castle_36 Jelbegi_Castle 00000000000004215838 0 0 3 0 0 0 0 0 -19.061000 -70.387090 -19.061000 -70.387090 -19.061000 -70.387090 0.0 0 
4.537856
 1 78 78 p_castle_37 Dramug_Castle 00000000000004215840 0 0 3 0 0 0 0 0 60.770000 -13.130000 60.770000 -13.130000 60.770000 -13.130000 0.0 0 
5.711857
 1 79 79 p_castle_38 Tulbuk_Castle 00000000000004215839 0 0 3 0 0 0 0 0 -61.706820 -36.351690 -61.706820 -36.351690 -61.706820 -36.351690 0.0 0 
4.537856
 1 80 80 p_castle_39 Slezkh_Castle 00000000000004215840 0 0 3 0 0 0 0 0 -32.876740 -7.424837 -32.876740 -7.424837 -32.876740 -7.424837 0.0 0 
4.886922
 1 81 81 p_castle_40 Uhhun_Castle 00000000000004215841 0 0 3 0 0 0 0 0 94.790000 66.260000 94.790000 66.260000 94.790000 66.260000 0.0 0 
4.537856
 1 82 82 p_castle_41 Jameyyed_Castle 00000000000004215841 0 0 3 0 0 0 0 0 -6.216395 -59.482800 -6.216395 -59.482800 -6.216395 -59.482800 0.0 0 
4.537856
 1 83 83 p_castle_42 Teramma_Castle 00000000000004215839 0 0 3 0 0 0 0 0 77.950000 -4.330000 77.950000 -4.330000 77.950000 -4.330000 0.0 0 
1.396263
 1 84 84 p_castle_43 Sharwa_Castle 00000000000004215841 0 0 3 0 0 0 0 0 138.325300 -73.408520 138.325300 -73.408520 138.325300 -73.408520 0.0 0 
4.537856
 1 85 85 p_castle_44 Durrin_Castle 00000000000004216019 0 0 3 0 0 0 0 0 62.020000 -6.840000 62.020000 -6.840000 62.020000 -6.840000 0.0 0 
6.213372
 1 86 86 p_castle_45 Caraf_Castle 00000000000004216018 0 0 3 0 0 0 0 0 71.510000 -9.100000 71.510000 -9.100000 71.510000 -9.100000 0.0 0 
2.705260
 1 87 87 p_castle_46 Weyyah_Castle 00000000000004215841 0 0 3 0 0 0 0 0 47.560000 -24.820000 47.560000 -24.820000 47.560000 -24.820000 0.0 0 
4.537856
 1 88 88 p_castle_47 Samarra_Castle 00000000000004215840 0 0 3 0 0 0 0 0 65.650000 -18.840000 65.650000 -18.840000 65.650000 -18.840000 0.0 0 
4.537856
 1 89 89 p_castle_48 Bardaq_Castle 00000000000004216021 0 0 3 0 0 0 0 0 30.900000 35.620000 30.900000 35.620000 30.900000 35.620000 0.0 0 
1.570796
 1 90 90 p_castle_49 Deglan_Castle 00000000000004215838 0 0 3 0 0 0 0 0 -0.200000 43.250000 -0.200000 43.250000 -0.200000 43.250000 0.0 0 
1.745329
 1 91 91 p_castle_50 Tredian_Castle 00000000000004216018 0 0 3 0 0 0 0 0 12.700000 -23.550000 12.700000 -23.550000 12.700000 -23.550000 0.0 0 
1.314233
 1 92 92 p_castle_51 Grainwad_Castle 00000000000004215838 0 0 3 0 0 0 0 0 -26.502540 36.737180 -26.502540 36.737180 -26.502540 36.737180 0.0 0 
1.308997
 1 93 93 p_castle_52 Ryis_Castle 00000000000004215838 0 0 3 0 0 0 0 0 7.325089 -15.082720 7.325089 -15.082720 7.325089 -15.082720 0.0 0 
1.658063
 1 94 94 p_castle_53 Stamar_Castle 00000000000004215838 0 0 3 0 0 0 0 0 17.570000 -36.060000 17.570000 -36.060000 17.570000 -36.060000 0.0 0 
2.007129
 1 95 95 p_castle_56 Sebula_Castle 00000000000004215838 0 0 3 0 0 0 0 0 -34.185740 21.865070 -34.185740 21.865070 -34.185740 21.865070 0.0 0 
4.537856
 1 96 96 p_castle_57 Turegor_Castle 00000000000004215838 0 0 3 0 0 0 0 0 83.800000 -19.800000 83.800000 -19.800000 83.800000 -19.800000 0.0 0 
4.537856
 1 97 97 p_castle_58 Rayeck_Castle 00000000000004215843 0 0 3 0 0 0 0 0 -65.500000 -79.500000 -65.500000 -79.500000 -65.500000 -79.500000 0.0 0 
4.537856
 1 98 98 p_castle_59 Reland_Castle 00000000000004215838 0 0 3 0 0 0 0 0 12.840000 84.160000 12.840000 84.160000 12.840000 84.160000 0.0 0 
4.886922
 1 99 99 p_castle_61 Reichsin_Castle 00000000000004215840 0 0 3 0 0 0 0 0 -44.380000 65.580000 -44.380000 65.580000 -44.380000 65.580000 0.0 0 
1.396263
 1 100 100 p_castle_62 Ghulassen_Castle 00000000000004215838 0 0 3 0 0 0 0 0 49.704370 67.846180 49.704370 67.846180 49.704370 67.846180 0.0 0 
4.537856
 1 101 101 p_castle_64 Biliya_Castle 00000000000004215841 0 0 3 0 0 0 0 0 75.220000 123.720000 75.220000 123.720000 75.220000 123.720000 0.0 0 
4.537856
 1 102 102 p_village_1 Yaragar 00000000000002114575 0 0 3 0 0 0 0 0 13.986810 -0.584838 13.986810 -0.584838 13.986810 -0.584838 0.0 0 
1.745329
 1 103 103 p_village_2 Burglen 00000000000002114575 0 0 3 0 0 0 0 0 14.976890 -18.261520 14.976890 -18.261520 14.976890 -18.261520 0.0 0 
1.919862
 1 104 104 p_village_3 Azgad 00000000000002114575 0 0 3 0 0 0 0 0 -27.138770 44.148290 -27.138770 44.148290 -27.138770 44.148290 0.0 0 
2.094395
 1 105 105 p_village_4 Nomar 00000000000002114575 0 0 3 0 0 0 0 0 6.720000 73.000000 6.720000 73.000000 6.720000 73.000000 0.0 0 
2.268928
 1 106 106 p_village_5 Kulum 00000000000002114575 0 0 3 0 0 0 0 0 96.170000 100.760000 96.170000 100.760000 96.170000 100.760000 0.0 0 
2.967060
 1 107 107 p_village_6 Emirin 00000000000002114575 0 0 3 0 0 0 0 0 -25.930970 -59.449140 -25.930970 -59.449140 -25.930970 -59.449140 0.0 0 
1.745329
 1 108 108 p_village_7 Amere 00000000000002114575 0 0 3 0 0 0 0 0 -6.940110 33.765040 -6.940110 33.765040 -6.940110 33.765040 0.0 0 
1.919862
 1 109 109 p_village_8 Haen 00000000000002114575 0 0 3 0 0 0 0 0 98.383800 -33.118980 98.383800 -33.118980 98.383800 -33.118980 0.0 0 
2.094395
 1 110 110 p_village_9 Buvran 00000000000002114575 0 0 3 0 0 0 0 0 0.985603 45.259140 0.985603 45.259140 0.985603 45.259140 0.0 0 
2.268928
 1 111 111 p_village_10 Mechin 00000000000002114575 0 0 3 0 0 0 0 0 141.065400 -84.477600 141.065400 -84.477600 141.065400 -84.477600 0.0 0 
2.967060
 1 112 112 p_village_11 Dusturil 00000000000002114575 0 0 3 0 0 0 0 0 20.337660 1.040500 20.337660 1.040500 20.337660 1.040500 0.0 0 
1.745329
 1 113 113 p_village_12 Emer 00000000000002114575 0 0 3 0 0 0 0 0 -55.757660 62.421170 -55.757660 62.421170 -55.757660 62.421170 0.0 0 
1.919862
 1 114 114 p_village_13 Nemeja 00000000000002114575 0 0 3 0 0 0 0 0 5.160000 36.590000 5.160000 36.590000 5.160000 36.590000 0.0 0 
2.094395
 1 115 115 p_village_14 Sumbuja 00000000000002114575 0 0 3 0 0 0 0 0 -1.784308 7.893908 -1.784308 7.893908 -1.784308 7.893908 0.0 0 
2.268928
 1 116 116 p_village_15 Ryibelet 00000000000002114575 0 0 3 0 0 0 0 0 8.483315 -53.425010 8.483315 -53.425010 8.483315 -53.425010 0.0 0 
2.967060
 1 117 117 p_village_16 Shapeshte 00000000000002114575 0 0 3 0 0 0 0 0 -12.680000 38.770000 -12.680000 38.770000 -12.680000 38.770000 0.0 0 
2.967060
 1 118 118 p_village_17 Mazen 00000000000002114575 0 0 3 0 0 0 0 0 -57.270310 15.260970 -57.270310 15.260970 -57.270310 15.260970 0.0 0 
0.610865
 1 119 119 p_village_18 Ulburban 00000000000002114577 0 0 3 0 0 0 0 0 -46.790980 -57.637300 -46.790980 -57.637300 -46.790980 -57.637300 0.0 0 
2.967060
 1 120 120 p_village_19 Hanun 00000000000002114577 0 0 3 0 0 0 0 0 -3.747560 -37.021300 -3.747560 -37.021300 -3.747560 -37.021300 0.0 0 
2.967060
 1 121 121 p_village_20 Uslum 00000000000002114575 0 0 3 0 0 0 0 0 58.845290 8.783070 58.845290 8.783070 58.845290 8.783070 0.0 0 
2.967060
 1 122 122 p_village_21 Bazeck 00000000000002114577 0 0 3 0 0 0 0 0 -13.920000 -7.300000 -13.920000 -7.300000 -13.920000 -7.300000 0.0 0 
1.745329
 1 123 123 p_village_22 Shulus 00000000000002114584 0 0 3 0 0 0 0 0 -86.844240 -68.593990 -86.844240 -68.593990 -86.844240 -68.593990 0.0 0 
1.919862
 1 124 124 p_village_23 Ilvia 00000000000002114575 0 0 3 0 0 0 0 0 13.610000 29.650000 13.610000 29.650000 13.610000 29.650000 0.0 0 
2.094395
 1 125 125 p_village_24 Ruldi 00000000000002114575 0 0 3 0 0 0 0 0 32.500000 0.280000 32.500000 0.280000 32.500000 0.280000 0.0 0 
2.268928
 1 126 126 p_village_25 Dashbigha 00000000000002114575 0 0 3 0 0 0 0 0 -44.066750 42.332580 -44.066750 42.332580 -44.066750 42.332580 0.0 0 
2.967060
 1 127 127 p_village_26 Pagundur 00000000000002114575 0 0 3 0 0 0 0 0 48.617340 55.433020 48.617340 55.433020 48.617340 55.433020 0.0 0 
2.967060
 1 128 128 p_village_27 Glunmar 00000000000002114575 0 0 3 0 0 0 0 0 -32.575240 47.774090 -32.575240 47.774090 -32.575240 47.774090 0.0 0 
2.967060
 1 129 129 p_village_28 Tash_Kulun 00000000000002114575 0 0 3 0 0 0 0 0 -37.932190 2.823776 -37.932190 2.823776 -37.932190 2.823776 0.0 0 
2.967060
 1 130 130 p_village_29 Buillin 00000000000002114575 0 0 3 0 0 0 0 0 63.600000 33.900000 63.600000 33.900000 63.600000 33.900000 0.0 0 
2.967060
 1 131 131 p_village_30 Ruvar 00000000000002114575 0 0 3 0 0 0 0 0 79.264230 -8.918940 79.264230 -8.918940 79.264230 -8.918940 0.0 0 
2.967060
 1 132 132 p_village_31 Ambean 00000000000002114575 0 0 3 0 0 0 0 0 -23.418580 66.885570 -23.418580 66.885570 -23.418580 66.885570 0.0 0 
1.745329
 1 133 133 p_village_32 Tosdhar 00000000000002114575 0 0 3 0 0 0 0 0 -27.294460 1.491630 -27.294460 1.491630 -27.294460 1.491630 0.0 0 
1.919862
 1 134 134 p_village_33 Ruluns 00000000000002114575 0 0 3 0 0 0 0 0 -52.873510 24.026560 -52.873510 24.026560 -52.873510 24.026560 0.0 0 
2.094395
 1 135 135 p_village_34 Ehlerdah 00000000000002114575 0 0 3 0 0 0 0 0 36.970000 37.470000 36.970000 37.470000 36.970000 37.470000 0.0 0 
2.268928
 1 136 136 p_village_35 Fearichen 00000000000002114575 0 0 3 0 0 0 0 0 15.160000 9.540000 15.160000 9.540000 15.160000 9.540000 0.0 0 
2.967060
 1 137 137 p_village_36 Jayek 00000000000002114575 0 0 3 0 0 0 0 0 -6.593534 11.849400 -6.593534 11.849400 -6.593534 11.849400 0.0 0 
2.967060
 1 138 138 p_village_37 Ada_Kulun 00000000000002114575 0 0 3 0 0 0 0 0 -9.747649 -28.938770 -9.747649 -28.938770 -9.747649 -28.938770 0.0 0 
2.967060
 1 139 139 p_village_38 Ibiran 00000000000002114575 0 0 3 0 0 0 0 0 93.271950 82.553520 93.271950 82.553520 93.271950 82.553520 0.0 0 
2.967060
 1 140 140 p_village_39 Reveran 00000000000002114575 0 0 3 0 0 0 0 0 50.639740 122.065600 50.639740 122.065600 50.639740 122.065600 0.0 0 
2.967060
 1 141 141 p_village_40 Saren 00000000000002114575 0 0 3 0 0 0 0 0 -48.080000 77.970000 -48.080000 77.970000 -48.080000 77.970000 0.0 0 
2.967060
 1 142 142 p_village_41 Dugan 00000000000002114575 0 0 3 0 0 0 0 0 -28.820000 -46.940000 -28.820000 -46.940000 -28.820000 -46.940000 0.0 0 
1.745329
 1 143 143 p_village_42 Dirigh_Aban 00000000000002114575 0 0 3 0 0 0 0 0 24.025010 -31.059730 24.025010 -31.059730 24.025010 -31.059730 0.0 0 
1.919862
 1 144 144 p_village_43 Zagush 00000000000002114575 0 0 3 0 0 0 0 0 -59.934880 23.547850 -59.934880 23.547850 -59.934880 23.547850 0.0 0 
2.094395
 1 145 145 p_village_44 Peshmi 00000000000002114575 0 0 3 0 0 0 0 0 86.700000 37.970000 86.700000 37.970000 86.700000 37.970000 0.0 0 
2.268928
 1 146 146 p_village_45 Bulugur 00000000000002114575 0 0 3 0 0 0 0 0 57.537110 40.296050 57.537110 40.296050 57.537110 40.296050 0.0 0 
2.967060
 1 147 147 p_village_46 Fedner 00000000000002114575 0 0 3 0 0 0 0 0 -57.296370 46.098710 -57.296370 46.098710 -57.296370 46.098710 0.0 0 
2.967060
 1 148 148 p_village_47 Epeshe 00000000000002114575 0 0 3 0 0 0 0 0 -11.733350 66.137420 -11.733350 66.137420 -11.733350 66.137420 0.0 0 
2.967060
 1 149 149 p_village_48 Veidar 00000000000002114575 0 0 3 0 0 0 0 0 80.290000 21.930000 80.290000 21.930000 80.290000 21.930000 0.0 0 
2.967060
 1 150 150 p_village_49 Tismirr 00000000000002114575 0 0 3 0 0 0 0 0 -48.250910 32.999590 -48.250910 32.999590 -48.250910 32.999590 0.0 0 
0.174533
 1 151 151 p_village_50 Karindi 00000000000002114575 0 0 3 0 0 0 0 0 -25.854390 8.782099 -25.854390 8.782099 -25.854390 8.782099 0.0 0 
2.967060
 1 152 152 p_village_51 Jelbegi 00000000000002114575 0 0 3 0 0 0 0 0 -9.621340 -42.266450 -9.621340 -42.266450 -9.621340 -42.266450 0.0 0 
1.745329
 1 153 153 p_village_52 Amashke 00000000000002114575 0 0 3 0 0 0 0 0 69.808820 44.289390 69.808820 44.289390 69.808820 44.289390 0.0 0 
1.919862
 1 154 154 p_village_53 Balanli 00000000000002114575 0 0 3 0 0 0 0 0 -28.361260 26.659350 -28.361260 26.659350 -28.361260 26.659350 0.0 0 
2.094395
 1 155 155 p_village_54 Chide 00000000000002114575 0 0 3 0 0 0 0 0 46.948880 31.965570 46.948880 31.965570 46.948880 31.965570 0.0 0 
2.268928
 1 156 156 p_village_55 Tadsamesh 00000000000002114575 0 0 3 0 0 0 0 0 79.420000 6.550000 79.420000 6.550000 79.420000 6.550000 0.0 0 
2.967060
 1 157 157 p_village_56 Fenada 00000000000002114575 0 0 3 0 0 0 0 0 78.040000 101.770000 78.040000 101.770000 78.040000 101.770000 0.0 0 
2.967060
 1 158 158 p_village_57 Ushkuru 00000000000002114575 0 0 3 0 0 0 0 0 48.093540 -7.868196 48.093540 -7.868196 48.093540 -7.868196 0.0 0 
2.967060
 1 159 159 p_village_58 Vezin 00000000000002114575 0 0 3 0 0 0 0 0 19.900000 -52.680000 19.900000 -52.680000 19.900000 -52.680000 0.0 0 
2.967060
 1 160 160 p_village_59 Dumar 00000000000002114575 0 0 3 0 0 0 0 0 -62.000000 -42.040000 -62.000000 -42.040000 -62.000000 -42.040000 0.0 0 
2.967060
 1 161 161 p_village_60 Tahlberl 00000000000002114575 0 0 3 0 0 0 0 0 48.800000 -14.660000 48.800000 -14.660000 48.800000 -14.660000 0.0 0 
2.967060
 1 162 162 p_village_61 Aldelen 00000000000002114575 0 0 3 0 0 0 0 0 70.330000 -26.550000 70.330000 -26.550000 70.330000 -26.550000 0.0 0 
1.745329
 1 163 163 p_village_62 Rebache 00000000000002114575 0 0 3 0 0 0 0 0 17.930000 24.030000 17.930000 24.030000 17.930000 24.030000 0.0 0 
1.745329
 1 164 164 p_village_63 Rduna 00000000000002114575 0 0 3 0 0 0 0 0 40.540000 -10.540000 40.540000 -10.540000 40.540000 -10.540000 0.0 0 
1.745329
 1 165 165 p_village_64 Serindiar 00000000000002114575 0 0 3 0 0 0 0 0 30.600000 10.000000 30.600000 10.000000 30.600000 10.000000 0.0 0 
1.745329
 1 166 166 p_village_65 Iyindah 00000000000002114575 0 0 3 0 0 0 0 0 -21.416300 16.517820 -21.416300 16.517820 -21.416300 16.517820 0.0 0 
1.745329
 1 167 167 p_village_66 Fisdnar 00000000000002114575 0 0 3 0 0 0 0 0 -42.474560 -34.888250 -42.474560 -34.888250 -42.474560 -34.888250 0.0 0 
1.745329
 1 168 168 p_village_67 Tebandra 00000000000002114575 0 0 3 0 0 0 0 0 59.770000 -16.510000 59.770000 -16.510000 59.770000 -16.510000 0.0 0 
1.745329
 1 169 169 p_village_68 Ibdeles 00000000000002114575 0 0 3 0 0 0 0 0 85.700000 46.760000 85.700000 46.760000 85.700000 46.760000 0.0 0 
1.745329
 1 170 170 p_village_69 Kwynn 00000000000002114575 0 0 3 0 0 0 0 0 45.350000 -5.160000 45.350000 -5.160000 45.350000 -5.160000 0.0 0 
1.745329
 1 171 171 p_village_70 Dirigsene 00000000000002114575 0 0 3 0 0 0 0 0 4.850000 105.830000 4.850000 105.830000 4.850000 105.830000 0.0 0 
1.745329
 1 172 172 p_village_71 Tshibtin 00000000000002114575 0 0 3 0 0 0 0 0 -26.096480 21.484810 -26.096480 21.484810 -26.096480 21.484810 0.0 0 
0.349066
 1 173 173 p_village_72 Elberl 00000000000002114575 0 0 3 0 0 0 0 0 113.680000 86.450000 113.680000 86.450000 113.680000 86.450000 0.0 0 
1.047198
 1 174 174 p_village_73 Chaeza 00000000000002114575 0 0 3 0 0 0 0 0 -7.070000 -5.550000 -7.070000 -5.550000 -7.070000 -5.550000 0.0 0 
0.959931
 1 175 175 p_village_74 Ayyike 00000000000002114575 0 0 3 0 0 0 0 0 -9.432088 54.311120 -9.432088 54.311120 -9.432088 54.311120 0.0 0 
0.261799
 1 176 176 p_village_75 Bhulaban 00000000000002114575 0 0 3 0 0 0 0 0 27.987640 18.408760 27.987640 18.408760 27.987640 18.408760 0.0 0 
0.174533
 1 177 177 p_village_76 Kedelke 00000000000002114575 0 0 3 0 0 0 0 0 -15.338350 4.967332 -15.338350 4.967332 -15.338350 4.967332 0.0 0 
0.610865
 1 178 178 p_village_77 Rizi 00000000000002114575 0 0 3 0 0 0 0 0 -34.943690 -25.210650 -34.943690 -25.210650 -34.943690 -25.210650 0.0 0 
2.792527
 1 179 179 p_village_78 Sarimish 00000000000002114575 0 0 3 0 0 0 0 0 29.667830 -13.066210 29.667830 -13.066210 29.667830 -13.066210 0.0 0 
3.141593
 1 180 180 p_village_79 Istiniar 00000000000002114575 0 0 3 0 0 0 0 0 99.438250 73.302440 99.438250 73.302440 99.438250 73.302440 0.0 0 
0.000000
 1 181 181 p_village_80 Vayejeg 00000000000002114575 0 0 3 0 0 0 0 0 96.394280 94.538630 96.394280 94.538630 96.394280 94.538630 0.0 0 
0.698132
 1 182 182 p_village_81 Odasan 00000000000002114575 0 0 3 0 0 0 0 0 40.883090 111.632000 40.883090 111.632000 40.883090 111.632000 0.0 0 
0.349066
 1 183 183 p_village_82 Yalibe 00000000000002114575 0 0 3 0 0 0 0 0 -66.270990 47.423440 -66.270990 47.423440 -66.270990 47.423440 0.0 0 
1.047198
 1 184 184 p_village_83 Gisim 00000000000002114575 0 0 3 0 0 0 0 0 -26.420000 -26.530000 -26.420000 -26.530000 -26.420000 -26.530000 0.0 0 
0.959931
 1 185 185 p_village_84 Chelez 00000000000002114575 0 0 3 0 0 0 0 0 34.680000 86.100000 34.680000 86.100000 34.680000 86.100000 0.0 0 
0.261799
 1 186 186 p_village_85 Ismirala 00000000000002114575 0 0 3 0 0 0 0 0 12.000000 34.500000 12.000000 34.500000 12.000000 34.500000 0.0 0 
0.174533
 1 187 187 p_village_86 Slezkh 00000000000002114584 0 0 3 0 0 0 0 0 66.020000 -23.020000 66.020000 -23.020000 66.020000 -23.020000 0.0 0 
0.610865
 1 188 188 p_village_87 Udiniad 00000000000002114575 0 0 3 0 0 0 0 0 -2.332631 -55.004010 -2.332631 -55.004010 -2.332631 -55.004010 0.0 0 
2.792527
 1 189 189 p_village_88 Tulbuk 00000000000002114575 0 0 3 0 0 0 0 0 -51.984100 -19.272640 -51.984100 -19.272640 -51.984100 -19.272640 0.0 0 
3.141593
 1 190 190 p_village_89 Uhhun 00000000000002114575 0 0 3 0 0 0 0 0 -49.973900 -2.226740 -49.973900 -2.226740 -49.973900 -2.226740 0.0 0 
0.000000
 1 191 191 p_village_90 Jamiche 00000000000002114575 0 0 3 0 0 0 0 0 77.580000 -20.770000 77.580000 -20.770000 77.580000 -20.770000 0.0 0 
0.698132
 1 192 192 p_village_91 Ayn_Assuadi 00000000000002114577 0 0 3 0 0 0 0 0 68.850000 -10.870000 68.850000 -10.870000 68.850000 -10.870000 0.0 0 
0.349066
 1 193 193 p_village_92 Dhibbain 00000000000002114577 0 0 3 0 0 0 0 0 11.885890 28.392850 11.885890 28.392850 11.885890 28.392850 0.0 0 
1.047198
 1 194 194 p_village_93 Qalyut 00000000000002114577 0 0 3 0 0 0 0 0 -20.000000 98.800000 -20.000000 98.800000 -20.000000 98.800000 0.0 0 
0.959931
 1 195 195 p_village_94 Mazigh 00000000000002114584 0 0 3 0 0 0 0 0 65.570000 8.380000 65.570000 8.380000 65.570000 8.380000 0.0 0 
0.261799
 1 196 196 p_village_95 Tamnuh 00000000000002114577 0 0 3 0 0 0 0 0 -0.780000 -16.880000 -0.780000 -16.880000 -0.780000 -16.880000 0.0 0 
0.174533
 1 197 197 p_village_96 Habba 00000000000002114577 0 0 3 0 0 0 0 0 112.000000 -66.000000 112.000000 -66.000000 112.000000 -66.000000 0.0 0 
0.610865
 1 198 198 p_village_97 Sekhtem 00000000000002114577 0 0 3 0 0 0 0 0 85.700000 -18.600000 85.700000 -18.600000 85.700000 -18.600000 0.0 0 
2.792527
 1 199 199 p_village_98 Mawiti 00000000000002114577 0 0 3 0 0 0 0 0 53.700000 -80.200000 53.700000 -80.200000 53.700000 -80.200000 0.0 0 
3.141593
 1 200 200 p_village_99 Fishara 00000000000002114577 0 0 3 0 0 0 0 0 72.700000 10.060000 72.700000 10.060000 72.700000 10.060000 0.0 0 
0.000000
 1 201 201 p_village_100 Iqbayl 00000000000002114577 0 0 3 0 0 0 0 0 -28.000000 -52.500000 -28.000000 -52.500000 -28.000000 -52.500000 0.0 0 
0.698132
 1 202 202 p_village_101 Uzgha 00000000000002114577 0 0 3 0 0 0 0 0 21.270000 45.370000 21.270000 45.370000 21.270000 45.370000 0.0 0 
0.349066
 1 203 203 p_village_102 Shibal_Zumr 00000000000002114577 0 0 3 0 0 0 0 0 -63.200000 -72.000000 -63.200000 -72.000000 -63.200000 -72.000000 0.0 0 
1.047198
 1 204 204 p_village_103 Mijayet 00000000000002114584 0 0 3 0 0 0 0 0 -15.300000 -65.450000 -15.300000 -65.450000 -15.300000 -65.450000 0.0 0 
0.959931
 1 205 205 p_village_104 Tazjunat 00000000000002114577 0 0 3 0 0 0 0 0 108.000000 -36.500000 108.000000 -36.500000 108.000000 -36.500000 0.0 0 
0.261799
 1 206 206 p_village_105 Aab 00000000000002114577 0 0 3 0 0 0 0 0 45.790000 -23.200000 45.790000 -23.200000 45.790000 -23.200000 0.0 0 
0.174533
 1 207 207 p_village_106 Hawaha 00000000000002114577 0 0 3 0 0 0 0 0 59.360000 -9.730000 59.360000 -9.730000 59.360000 -9.730000 0.0 0 
0.610865
 1 208 208 p_village_107 Unriya 00000000000002114584 0 0 3 0 0 0 0 0 54.555800 14.631000 54.555800 14.631000 54.555800 14.631000 0.0 0 
2.792527
 1 209 209 p_village_108 Mit_Nun 00000000000002114577 0 0 3 0 0 0 0 0 126.800000 -73.300000 126.800000 -73.300000 126.800000 -73.300000 0.0 0 
3.141593
 1 210 210 p_village_110 Rushdigh 00000000000002114577 0 0 3 0 0 0 0 0 1.900000 114.500000 1.900000 114.500000 1.900000 114.500000 0.0 0 
0.698132
 1 211 211 p_village_111 Rushdigh 00000000000002114577 0 0 3 0 0 0 0 0 19.220000 -67.960000 19.220000 -67.960000 19.220000 -67.960000 0.0 0 
0.698132
 1 212 212 p_village_112 Rushdigh 00000000000002114577 0 0 3 0 0 0 0 0 -19.180000 -48.140000 -19.180000 -48.140000 -19.180000 -48.140000 0.0 0 
0.698132
 1 213 213 p_village_113 Rushdigh 00000000000002114577 0 0 3 0 0 0 0 0 -15.790000 -29.610000 -15.790000 -29.610000 -15.790000 -29.610000 0.0 0 
0.698132
 1 214 214 p_village_114 Rushdigh 00000000000002114577 0 0 3 0 0 0 0 0 -5.360000 -15.030000 -5.360000 -15.030000 -5.360000 -15.030000 0.0 0 
0.698132
 1 215 215 p_village_115 Rushdigh 00000000000002114577 0 0 3 0 0 0 0 0 -11.980000 -21.640000 -11.980000 -21.640000 -11.980000 -21.640000 0.0 0 
0.698132
 1 216 216 p_village_116 Rushdigh 00000000000002114577 0 0 3 0 0 0 0 0 -9.970000 -14.680000 -9.970000 -14.680000 -9.970000 -14.680000 0.0 0 
0.698132
 1 217 217 p_village_117 Rushdigh 00000000000002114577 0 0 3 0 0 0 0 0 5.000000 -1.000000 5.000000 -1.000000 5.000000 -1.000000 0.0 0 
0.698132
 1 218 218 p_village_118 Rushdigh 00000000000002114577 0 0 3 0 0 0 0 0 -29.183900 38.955620 -29.183900 38.955620 -29.183900 38.955620 0.0 0 
0.698132
 1 219 219 p_village_119 Rushdigh 00000000000002114577 0 0 3 0 0 0 0 0 -29.570000 -5.660000 -29.570000 -5.660000 -29.570000 -5.660000 0.0 0 
0.698132
 1 220 220 p_village_120 Rushdigh 00000000000002114577 0 0 3 0 0 0 0 0 -52.490000 -29.200000 -52.490000 -29.200000 -52.490000 -29.200000 0.0 0 
0.698132
 1 221 221 p_village_121 Rushdigh 00000000000002114577 0 0 3 0 0 0 0 0 -48.134000 -7.841000 -48.134000 -7.841000 -48.134000 -7.841000 0.0 0 
0.698132
 1 222 222 p_village_122 Rushdigh 00000000000002114577 0 0 3 0 0 0 0 0 -46.134000 -2.041000 -46.134000 -2.041000 -46.134000 -2.041000 0.0 0 
0.698132
 1 223 223 p_village_123 Rushdigh 00000000000002114577 0 0 3 0 0 0 0 0 -1.754000 -0.491000 -1.754000 -0.491000 -1.754000 -0.491000 0.0 0 
0.698132
 1 224 224 p_village_124 Rushdigh 00000000000002114577 0 0 3 0 0 0 0 0 -8.264000 0.551000 -8.264000 0.551000 -8.264000 0.551000 0.0 0 
0.698132
 1 225 225 p_village_125 Rushdigh 00000000000002114577 0 0 3 0 0 0 0 0 20.604000 -4.901000 20.604000 -4.901000 20.604000 -4.901000 0.0 0 
0.698132
 1 226 226 p_village_126 Rushdigh 00000000000002114577 0 0 3 0 0 0 0 0 5.950000 8.180000 5.950000 8.180000 5.950000 8.180000 0.0 0 
0.698132
 1 227 227 p_village_127 Rushdigh 00000000000002114577 0 0 3 0 0 0 0 0 7.920000 13.550000 7.920000 13.550000 7.920000 13.550000 0.0 0 
0.698132
 1 228 228 p_village_128 Rushdigh 00000000000002114577 0 0 3 0 0 0 0 0 9.910000 13.770000 9.910000 13.770000 9.910000 13.770000 0.0 0 
0.698132
 1 229 229 p_salt_mine Salt_Mine 00000000000002114831 0 0 3 0 0 0 0 0 14.200000 -31.000000 14.200000 -31.000000 14.200000 -31.000000 0.0 0 
0.000000
 1 230 230 p_four_ways_inn Four_Ways_Inn 00000000000002114575 0 0 3 0 0 0 0 0 19.920000 19.000000 19.920000 19.000000 19.920000 19.000000 0.0 0 
0.000000
 1 231 231 p_test_scene test_scene 00000000000002114833 0 0 3 0 0 0 0 0 10.800000 -19.600000 10.800000 -19.600000 10.800000 -19.600000 0.0 0 
0.000000
 1 232 232 p_battlefields battlefields 00000000000002114831 0 0 3 0 0 0 0 0 -29.980000 -2.120000 -29.980000 -2.120000 -29.980000 -2.120000 0.0 0 
0.000000
 1 233 233 p_dhorak_keep Dhorak_Keep 00000000000002114828 0 0 3 0 0 0 0 0 -48.228140 -63.379820 -48.228140 -63.379820 -48.228140 -63.379820 0.0 0 
0.000000
 1 234 234 p_training_ground Training_Ground 00000000000002114855 0 0 3 0 0 0 0 0 3.000000 -7.000000 3.000000 -7.000000 3.000000 -7.000000 0.0 0 
0.000000
 1 235 235 p_training_ground_1 Training_Field 00000000000002118695 0 0 3 0 0 0 0 0 37.400000 102.800000 37.400000 102.800000 37.400000 102.800000 0.0 0 
1.745329
 1 236 236 p_training_ground_2 Training_Field 00000000000002118695 0 0 3 0 0 0 0 0 -12.800000 33.000000 -12.800000 33.000000 -12.800000 33.000000 0.0 0 
1.745329
 1 237 237 p_training_ground_3 Training_Field 00000000000002118695 0 0 3 0 0 0 0 0 70.500000 72.000000 70.500000 72.000000 70.500000 72.000000 0.0 0 
1.745329
 1 238 238 p_training_ground_4 Training_Field 00000000000002118695 0 0 3 0 0 0 0 0 11.500000 -75.200000 11.500000 -75.200000 11.500000 -75.200000 0.0 0 
1.745329
 1 239 239 p_training_ground_5 Training_Field 00000000000002118695 0 0 3 0 0 0 0 0 -45.294950 -0.374939 -45.294950 -0.374939 -45.294950 -0.374939 0.0 0 
1.745329
 1 240 240 p_bridge_1 {!}1 00000000000000541738 0 0 3 0 0 0 0 0 -108.600000 -75.670000 -108.600000 -75.670000 -108.600000 -75.670000 0.0 0 
-1.574287
 1 241 241 p_bridge_2 {!}2 00000000000000541738 0 0 3 0 0 0 0 0 56.610000 44.570000 56.610000 44.570000 56.610000 44.570000 0.0 0 
-1.255299
 1 242 242 p_bridge_3 {!}3 00000000000000541738 0 0 3 0 0 0 0 0 62.447300 92.445550 62.447300 92.445550 62.447300 92.445550 0.0 0 
-0.489263
 1 243 243 p_bridge_4 {!}4 00000000000000541737 0 0 3 0 0 0 0 0 73.850000 58.190000 73.850000 58.190000 73.850000 58.190000 0.0 0 
0.000000
 1 244 244 p_bridge_5 {!}5 00000000000000541738 0 0 3 0 0 0 0 0 30.080000 -64.620000 30.080000 -64.620000 30.080000 -64.620000 0.0 0 
1.431170
 1 245 245 p_bridge_6 {!}6 00000000000000541737 0 0 3 0 0 0 0 0 3.385338 58.114730 3.385338 58.114730 3.385338 58.114730 0.0 0 
-1.282817
 1 246 246 p_bridge_7 {!}7 00000000000000541737 0 0 3 0 0 0 0 0 -16.445140 65.460040 -16.445140 65.460040 -16.445140 65.460040 0.0 0 
-2.602011
 1 247 247 p_bridge_8 {!}8 00000000000000541737 0 0 3 0 0 0 0 0 -2.700000 -7.630000 -2.700000 -7.630000 -2.700000 -7.630000 0.0 0 
0.000000
 1 248 248 p_bridge_9 {!}9 00000000000000541737 0 0 3 0 0 0 0 0 34.862630 -30.395690 34.862630 -30.395690 34.862630 -30.395690 0.0 0 
-1.089223
 1 249 249 p_bridge_10 {!}10 00000000000000541737 0 0 3 0 0 0 0 0 -85.633110 -88.796550 -85.633110 -88.796550 -85.633110 -88.796550 0.0 0 
-1.849166
 1 250 250 p_bridge_11 {!}11 00000000000000541736 0 0 3 0 0 0 0 0 7.960000 112.440000 7.960000 112.440000 7.960000 112.440000 0.0 0 
2.098953
 1 251 251 p_bridge_12 {!}12 00000000000000541736 0 0 3 0 0 0 0 0 11.370000 41.310000 11.370000 41.310000 11.370000 41.310000 0.0 0 
2.617994
 1 252 252 p_bridge_13 {!}13 00000000000000541736 0 0 3 0 0 0 0 0 -37.316660 -31.446230 -37.316660 -31.446230 -37.316660 -31.446230 0.0 0 
1.041077
 1 253 253 p_bridge_14 {!}14 00000000000000541736 0 0 3 0 0 0 0 0 -40.957200 22.659280 -40.957200 22.659280 -40.957200 22.659280 0.0 0 
0.297390
 1 254 254 p_bridge_15 {!}15 00000000000000541736 0 0 3 0 0 0 0 0 -35.857200 12.059280 -35.857200 12.059280 -35.857200 12.059280 0.0 0 
1.007390
 1 255 255 p_bridge_16 {!}16 00000000000000541736 0 0 3 0 0 0 0 0 -4.457199 34.059280 -4.457199 34.059280 -4.457199 34.059280 0.0 0 
1.217390
 1 256 256 p_bridge_17 {!}17 00000000000000541736 0 0 3 0 0 0 0 0 13.060000 20.660000 13.060000 20.660000 13.060000 20.660000 0.0 0 
2.635447
 1 257 257 p_looter_spawn_point {!}looter_sp 00000000000000001280 0 0 2 0 0 0 0 0 26.000000 77.000000 26.000000 77.000000 26.000000 77.000000 0.0 1 117 15 0 0 
0.000000
 1 258 258 p_steppe_bandit_spawn_point the_steppes 00000000000000001280 0 0 2 0 0 0 0 0 75.830690 27.696270 75.830690 27.696270 75.830690 27.696270 0.0 1 117 15 0 0 
0.000000
 1 259 259 p_taiga_bandit_spawn_point the_tundra 00000000000000001280 0 0 2 0 0 0 0 0 70.000000 84.000000 70.000000 84.000000 70.000000 84.000000 0.0 1 117 15 0 0 
0.000000
 1 260 260 p_forest_bandit_spawn_point the_forests 00000000000000001280 0 0 2 0 0 0 0 0 -35.000000 18.000000 -35.000000 18.000000 -35.000000 18.000000 0.0 1 117 15 0 0 
0.000000
 1 261 261 p_mountain_bandit_spawn_point the_highlands 00000000000000001280 0 0 2 0 0 0 0 0 7.258667 -22.694300 7.258667 -22.694300 7.258667 -22.694300 0.0 1 117 15 0 0 
0.000000
 1 262 262 p_sea_raider_spawn_point_1 the_coast 00000000000000001280 0 0 2 0 0 0 0 0 48.500000 110.000000 48.500000 110.000000 48.500000 110.000000 0.0 1 117 15 0 0 
0.000000
 1 263 263 p_sea_raider_spawn_point_2 the_coast 00000000000000001280 0 0 2 0 0 0 0 0 -42.000000 76.700000 -42.000000 76.700000 -42.000000 76.700000 0.0 1 117 15 0 0 
0.000000
 1 264 264 p_desert_bandit_spawn_point the_deserts 00000000000000001280 0 0 2 0 0 0 0 0 -22.090390 5.169518 -22.090390 5.169518 -22.090390 5.169518 0.0 1 117 15 0 0 
0.000000
 1 265 265 p_spawn_points_end {!}last_spawn_point 00000000000000001280 0 0 1 0 0 0 0 0 0.000000 0.000000 0.000000 0.000000 0.000000 0.000000 0.0 1 117 15 0 0 
0.000000
 1 266 266 p_reserved_1 {!}last_spawn_point 00000000000000001280 0 0 1 0 0 0 0 0 0.000000 0.000000 0.000000 0.000000 0.000000 0.000000 0.0 1 117 15 0 0 
0.000000
 1 267 267 p_reserved_2 {!}last_spawn_point 00000000000000001280 0 0 1 0 0 0 0 0 0.000000 0.000000 0.000000 0.000000 0.000000 0.000000 0.0 1 117 15 0 0 
0.000000
 1 268 268 p_reserved_3 {!}last_spawn_point 00000000000000001280 0 0 1 0 0 0 0 0 0.000000 0.000000 0.000000 0.000000 0.000000 0.000000 0.0 1 117 15 0 0 
0.000000
 1 269 269 p_reserved_4 {!}last_spawn_point 00000000000000001280 0 0 1 0 0 0 0 0 0.000000 0.000000 0.000000 0.000000 0.000000 0.000000 0.0 1 117 15 0 0 
0.000000
 1 270 270 p_reserved_5 {!}last_spawn_point 00000000000000001280 0 0 1 0 0 0 0 0 0.000000 0.000000 0.000000 0.000000 0.000000 0.000000 0.0 1 117 15 0 0 
0.000000
